0 0.226042 0.600463 0.0239583 0.0453704
0 0.284115 0.6 0.0151042 0.0407407
0 0.322917 0.525926 0.0270833 0.0518519
0 0.3625 0.581019 0.0260417 0.0490741
0 0.255729 0.586111 0.021875 0.0444444
0 0.38099 0.556944 0.0213542 0.0398148
0 0.16875 0.581944 0.0291667 0.0601852
0 0.325 0.656018 0.0270833 0.0342593
0 0.235677 0.632407 0.0213542 0.0537037
0 0.4375 0.591204 0.021875 0.0453704
0 0.355469 0.523148 0.0192708 0.0425926
0 0.377083 0.585185 0.0145833 0.0388889
0 0.285937 0.561574 0.0208333 0.0490741
0 0.220052 0.575463 0.0203125 0.0453704
0 0.414062 0.580556 0.028125 0.0259259
0 0.308854 0.573611 0.0229167 0.0472222
0 0.221094 0.54213 0.0244792 0.0490741
0 0.280469 0.502315 0.0182292 0.0453704
0 0.346615 0.518056 0.0213542 0.0509259
0 0.31875 0.598148 0.0197917 0.0481481
0 0.36875 0.531018 0.0135417 0.037963
0 0.266406 0.594907 0.0234375 0.0453704
0 0.254167 0.534722 0.021875 0.0472222
0 0.392188 0.579167 0.0177083 0.0416667
0 0.271094 0.5125 0.0182292 0.0324074
0 0.181771 0.601852 0.01875 0.0555556
0 0.253125 0.632407 0.0354167 0.0296296
0 0.447917 0.589815 0.0166667 0.0481481
0 0.291927 0.603241 0.0203125 0.0509259
0 0.335677 0.583333 0.0192708 0.0481481
0 0.241927 0.581019 0.0161458 0.0435185
0 0.330729 0.54213 0.0166667 0.0453704
0 0.315885 0.505093 0.0286458 0.037963
0 0.355208 0.6 0.0229167 0.0592593
0 0.369792 0.650463 0.015625 0.0490741
0 0.197135 0.572685 0.0223958 0.0453704
0 0.290625 0.511574 0.015625 0.0435185
0 0.364844 0.563889 0.0151042 0.0444444
0 0.229687 0.573611 0.01875 0.0472222
0 0.354688 0.550463 0.01875 0.0435185
0 0.702865 0.640278 0.0223958 0.0472222
