0 0.461531 0.291393 0.0257675 0.0317982
0 0.54724 0.331826 0.0155336 0.0216557
0 0.524488 0.213405 0.0146199 0.0211075
0 0.0387427 0.558799 0.0252193 0.0331689
0 0.65095 0.326343 0.0186404 0.0167215
0 0.00429459 0.534677 0.00858918 0.0167215
0 0.575567 0.246025 0.0155336 0.0194627
0 0.318531 0.551261 0.0226608 0.0186404
0 0.517544 0.209978 0.00986842 0.0175439
0 0.768732 0.543723 0.0250365 0.0331689
0 0.536367 0.215872 0.0186404 0.0243969
0 0.658534 0.574013 0.0155336 0.0279605
0 0.514072 0.342516 0.0270468 0.0205592
0 0.471948 0.222999 0.0235746 0.0298794
0 0.153143 0.505208 0.0277778 0.0427632
0 0.587811 0.679825 0.0246711 0.0449561
0 0.00429459 0.604989 0.00858918 0.0235746
0 0.372807 0.272067 0.0138889 0.013432
0 0.419225 0.657072 0.0186404 0.0411184
0 0.126371 0.640488 0.0232091 0.0293311
0 0.724872 0.595806 0.032712 0.0265899
0 0.551992 0.32182 0.0286915 0.0191886
0 0.402961 0.862527 0.0211988 0.0359101
0 0.343659 0.6054 0.0352705 0.0342654
0 0.309028 0.484649 0.0193713 0.0191886
0 0.301535 0.580044 0.0149854 0.029057
0 0.652138 0.310444 0.0264985 0.013432
0 0.451023 0.2892 0.0179094 0.0180921
0 0.295322 0.55318 0.0248538 0.0383772
0 0.231542 0.645696 0.0321637 0.0216557
0 0.647113 0.434896 0.0182749 0.0183662
0 0.868787 0.603618 0.0321637 0.0241228
0 0.53856 0.854989 0.0219298 0.0350877
0 0.418129 0.320861 0.0222953 0.0172697
0 0.573556 0.302632 0.0279605 0.0213816
0 0.451389 0.279194 0.0226608 0.0183662
0 0.653509 0.296738 0.00913743 0.0145285
0 0.354898 0.563459 0.0248538 0.0408443
0 0.767178 0.514391 0.0233918 0.0287829
0 0.540753 0.314008 0.0325292 0.0271382
0 0.584064 0.255345 0.0171784 0.017818
0 0.345303 0.626919 0.0206506 0.0175439
0 0.424068 0.304002 0.0177266 0.0208333
0 0.581414 0.691064 0.0202851 0.0175439
0 0.839181 0.573465 0.0248538 0.0389254
0 0.840278 0.560718 0.0131579 0.0326206
0 0.655519 0.676124 0.0219298 0.0375548
0 0.864857 0.568394 0.0257675 0.0205592
0 0.477887 0.330044 0.0204678 0.0257675
0 0.529605 0.206277 0.0186404 0.0172697
0 0.519554 0.202851 0.0160819 0.0230263
0 0.773483 0.559073 0.0140716 0.0320724
0 0.546053 0.223958 0.0182749 0.0230263
0 0.30784 0.504934 0.03125 0.0252193
0 0.83708 0.612116 0.0330775 0.0307018
0 0.50265 0.311952 0.0188231 0.033443
0 0.221126 0.575658 0.0325292 0.0235746
0 0.5678 0.221628 0.0190058 0.0222039
0 0.610289 0.309759 0.0239401 0.0164474
0 0.260417 0.593065 0.0146199 0.0402961
0 0.609284 0.279605 0.0266813 0.0241228
0 0.639894 0.388295 0.0308845 0.0194627
0 0.198374 0.587308 0.026864 0.0216557
0 0.585435 0.245066 0.0210161 0.0202851
0 0.669591 0.629249 0.0270468 0.0408443
0 0.0696272 0.533306 0.0186404 0.0337171
0 0.589912 0.278783 0.0201023 0.0197368
0 0.778692 0.838268 0.0314327 0.0169956
0 0.181287 0.540844 0.0281433 0.03125
0 0.690789 0.631579 0.0186404 0.0482456
0 0.367507 0.610609 0.0266813 0.0216557
0 0.521747 0.222999 0.0226608 0.0183662
0 0.531433 0.303865 0.0193713 0.0287829
0 0.65625 0.654605 0.0299708 0.0285088
0 0.776407 0.61801 0.0199196 0.0381031
0 0.245797 0.671327 0.0427632 0.0241228
0 0.636056 0.330318 0.0224781 0.0158991
0 0.64693 0.419682 0.0186404 0.026864
0 0.394371 0.571957 0.0244883 0.0441338
0 0.362847 0.270833 0.0224781 0.0224781
0 0.418951 0.345395 0.0272295 0.0213816
0 0.521107 0.292763 0.0250365 0.0202851
0 0.357639 0.255482 0.0222953 0.0197368
0 0.916027 0.563596 0.028326 0.0466009
0 0.279605 0.567297 0.0113304 0.0238487
0 0.367233 0.768092 0.0440424 0.0345395
0 0.108187 0.538651 0.0131579 0.0230263
0 0.83973 0.584156 0.0105994 0.0219298
0 0.81314 0.553865 0.0239401 0.0452303
0 0.342654 0.658169 0.0226608 0.0411184
0 0.298611 0.494929 0.0248538 0.0337171
0 0.806652 0.590186 0.0274123 0.0416667
0 0.0841557 0.591009 0.0235746 0.0433114
0 0.489949 0.27097 0.0263158 0.0205592
0 0.571272 0.3946 0.0175439 0.0364583
0 0.548702 0.276179 0.0144371 0.0265899
0 0.251462 0.55455 0.0314327 0.0372807
0 0.191064 0.623766 0.0169956 0.0381031
0 0.501645 0.281387 0.0314327 0.0233004
0 0.650128 0.318257 0.029057 0.0202851
0 0.57246 0.558936 0.0224781 0.0405702
0 0.668311 0.716009 0.0233918 0.0476974
0 0.317251 0.51261 0.0285088 0.0241228
0 0.463359 0.516721 0.0177266 0.0427632
0 0.328399 0.582785 0.0204678 0.0372807
0 0.161732 0.651864 0.0241228 0.0444079
0 0.641082 0.665981 0.0149854 0.0375548
0 0.769463 0.576617 0.0202851 0.042489
0 0.583516 0.262473 0.0255848 0.0189145
0 0.783717 0.670779 0.0140716 0.0296053
0 0.678819 0.691749 0.0221126 0.0419408
0 0.558114 0.599507 0.0255848 0.03125
0 0.182109 0.613487 0.0184576 0.0394737
0 0.605263 0.829221 0.0197368 0.0219298
0 0.435855 0.492325 0.0314327 0.0230263
0 0.738487 0.580592 0.0157164 0.0361842
0 0.124269 0.706414 0.0325292 0.0246711
0 0.392909 0.320175 0.0285088 0.0224781
0 0.121893 0.632812 0.0504386 0.0320724
0 0.355994 0.657346 0.0215643 0.0400219
0 0.54587 0.340735 0.0270468 0.0246711
0 0.684485 0.593476 0.0137061 0.0328947
0 0.408991 0.262336 0.0208333 0.0235746
0 0.580866 0.413377 0.0250365 0.0323465
0 0.345029 0.695175 0.0332602 0.0224781
0 0.618147 0.289337 0.0301535 0.0309759
0 0.280245 0.61102 0.030519 0.0235746
0 0.486294 0.64597 0.0168129 0.0419408
0 0.492873 0.368284 0.0244883 0.0386513
0 0.486294 0.24205 0.0241228 0.0197368
0 0.539108 0.506031 0.0263158 0.0301535
0 0.166118 0.289337 0.0157164 0.0364583
0 0.0126096 0.689556 0.0201023 0.046875
0 0.733553 0.614995 0.0376462 0.0276864
0 0.165296 0.536595 0.0250365 0.0227522
0 0.626827 0.665844 0.0168129 0.0498904
0 0.149306 0.524945 0.0255848 0.0394737
0 0.449653 0.295916 0.029057 0.0194627
0 0.472496 0.557292 0.0191886 0.0422149
0 0.143549 0.555921 0.031981 0.0498904
0 0.664382 0.591831 0.0188231 0.0416667
0 0.133498 0.529194 0.0213816 0.0452303
0 0.586897 0.542078 0.0184576 0.0364583
0 0.898575 0.665981 0.0190058 0.0507127
0 0.704952 0.615543 0.0202851 0.0386513
0 0.192708 0.559485 0.0137061 0.026864
0 0.609101 0.685307 0.0175439 0.0389254
0 0.542124 0.250959 0.0126096 0.0309759
0 0.942982 0.659402 0.0135234 0.0359101
0 0.26928 0.530702 0.035636 0.0246711
0 0.579952 0.228344 0.0180921 0.0274123
0 0.530793 0.239172 0.0155336 0.0254934
0 0.751188 0.576069 0.0279605 0.0523575
0 0.368147 0.473547 0.0144371 0.0348136
0 0.250822 0.584156 0.0148026 0.0383772
0 0.63962 0.301124 0.0211988 0.0233004
0 0.885782 0.525356 0.0248538 0.0353618
0 0.657255 0.546053 0.0169956 0.0378289
0 0.373355 0.570724 0.0204678 0.029057
0 0.121802 0.668174 0.0199196 0.0507127
0 0.395102 0.664748 0.0138889 0.0394737
0 0.853801 0.628289 0.0263158 0.0317982
0 0.860471 0.490406 0.0279605 0.035636
0 0.381944 0.290844 0.0263158 0.0191886
0 0.625183 0.701069 0.0186404 0.042489
0 0.678454 0.645011 0.0169956 0.0400219
0 0.613944 0.41324 0.0381944 0.0309759
0 0.526955 0.385005 0.0162646 0.0386513
0 0.375183 0.487939 0.0215643 0.035636
0 0.53061 0.602385 0.0177266 0.0364583
0 0.460161 0.56812 0.0237573 0.0276864
0 0.459887 0.25699 0.0239401 0.0243969
0 0.78856 0.594709 0.0303363 0.0391996
0 0.476151 0.36102 0.0177266 0.0427632
0 0.918677 0.628015 0.0179094 0.0504386
0 0.707602 0.637747 0.0248538 0.044682
0 0.376462 0.715461 0.0193713 0.0482456
0 0.601517 0.380894 0.0345395 0.0205592
0 0.304825 0.626508 0.0157164 0.0386513
0 0.252833 0.515625 0.0191886 0.0350877
0 0.483827 0.521656 0.0173611 0.0394737
0 0.646747 0.59937 0.0292398 0.0364583
0 0.248995 0.476151 0.0166301 0.0411184
0 0.168951 0.597725 0.0235746 0.0441338
0 0.140351 0.655428 0.0248538 0.0520833
0 0.638158 0.720532 0.0193713 0.0463268
0 0.614401 0.569627 0.0215643 0.0466009
0 0.541484 0.532484 0.0255848 0.0342654
0 0.614401 0.725192 0.0186404 0.0430373
0 0.580227 0.330729 0.0222953 0.0276864
0 0.266447 0.487664 0.0226608 0.03125
0 0.454861 0.513569 0.0175439 0.0370066
0 0.338816 0.47108 0.0211988 0.0337171
0 0.374909 0.504112 0.0345395 0.033443
0 0.519645 0.618284 0.0158991 0.0364583
0 0.826115 0.583607 0.0184576 0.0411184
0 0.73867 0.536595 0.0201023 0.0430373
0 0.692982 0.572368 0.0157164 0.0400219
0 0.559211 0.548931 0.0193713 0.0435855
0 0.366319 0.707922 0.0191886 0.0397478
0 0.623904 0.24301 0.0230263 0.0167215
0 0.630482 0.369655 0.0211988 0.0353618
0 0.458333 0.647615 0.0233918 0.0474232
0 0.67754 0.490543 0.0199196 0.0375548
0 0.0515351 0.623766 0.0266813 0.0402961
0 0.763067 0.712034 0.0206506 0.0529057
0 0.471765 0.288377 0.0155336 0.0339912
0 0.049068 0.546738 0.0243056 0.0233004
0 0.218293 0.610471 0.0166301 0.0416667
0 0.486385 0.571957 0.0180921 0.0413925
0 0.290844 0.467791 0.0169956 0.0381031
0 0.0977705 0.642133 0.0248538 0.0386513
0 0.613578 0.533854 0.0217471 0.0441338
0 0.269554 0.58813 0.0175439 0.042489
0 0.437957 0.334567 0.0232091 0.0304276
0 0.588176 0.72108 0.0184576 0.0430373
0 0.545322 0.611842 0.0215643 0.0493421
0 0.475146 0.640077 0.0193713 0.0471491
0 0.190698 0.650905 0.0126096 0.0282346
0 0.556287 0.580318 0.0288743 0.0328947
0 0.526864 0.265077 0.0146199 0.0339912
0 0.479624 0.222725 0.0210161 0.0150768
0 0.668586 0.488898 0.0180921 0.0315241
0 0.76526 0.621025 0.0166301 0.0287829
0 0.111294 0.485471 0.0201023 0.0416667
0 0.41557 0.300576 0.0241228 0.0211075
0 0.478344 0.534677 0.0144371 0.0326206
0 0.325292 0.642544 0.0175439 0.0460526
0 0.177906 0.495614 0.0173611 0.0378289
0 0.433571 0.536595 0.0162646 0.0397478
0 0.173702 0.703536 0.0213816 0.0375548
0 0.314784 0.578673 0.0184576 0.0394737
0 0.23803 0.601288 0.0180921 0.0441338
0 0.629569 0.609101 0.0211988 0.0274123
0 0.498173 0.214227 0.0142544 0.0298794
0 0.292672 0.578536 0.029057 0.0452303
0 0.569262 0.633772 0.0171784 0.035636
0 0.932292 0.614857 0.0155336 0.0411184
0 0.0688962 0.570038 0.0186404 0.0370066
0 0.784357 0.645285 0.0328947 0.0350877
0 0.383863 0.676398 0.0144371 0.0375548
0 0.408991 0.549479 0.0171784 0.0402961
0 0.510691 0.661732 0.0217471 0.0498904
0 0.0985928 0.548657 0.0210161 0.0364583
0 0.798794 0.457922 0.0233918 0.046875
0 0.687957 0.725603 0.0177266 0.0350877
0 0.426078 0.796875 0.0173611 0.0263158
0 0.00977705 0.645833 0.0191886 0.0444079
0 0.0503472 0.704221 0.0188231 0.0416667
0 0.941886 0.577988 0.0182749 0.0348136
0 0.576115 0.730811 0.0169956 0.0476974
0 0.637061 0.412007 0.0325292 0.0235746
0 0.0758406 0.461897 0.0277778 0.0202851
0 0.797058 0.536732 0.0173611 0.0411184
0 0.63697 0.582785 0.0294225 0.0339912
0 0.450018 0.22108 0.0206506 0.0276864
0 0.468293 0.347177 0.0144371 0.0320724
0 0.63167 0.29386 0.0232091 0.03125
0 0.520194 0.486979 0.0173611 0.0381031
0 0.797606 0.674068 0.0206506 0.0498904
0 0.398026 0.610609 0.0171784 0.0413925
0 0.108004 0.596354 0.0208333 0.0463268
0 0.426535 0.270833 0.0153509 0.0323465
0 0.624726 0.34608 0.0221126 0.0331689
0 0.741228 0.628975 0.0413012 0.0430373
0 0.715278 0.578125 0.0376462 0.0372807
0 0.344024 0.562774 0.0173611 0.0422149
0 0.146747 0.489172 0.0226608 0.0381031
0 0.0475146 0.577303 0.0197368 0.0422149
0 0.0364583 0.652275 0.0180921 0.0463268
0 0.341192 0.500411 0.0146199 0.0315241
0 0.588633 0.60869 0.0182749 0.0391996
0 0.492781 0.324836 0.0195541 0.0378289
0 0.435947 0.658443 0.0177266 0.0504386
0 0.513432 0.316338 0.0202851 0.0350877
0 0.426078 0.459156 0.0180921 0.0378289
0 0.184393 0.55455 0.0376462 0.0339912
0 0.299251 0.459841 0.0137061 0.0309759
0 0.498629 0.638569 0.0169956 0.0408443
0 0.169956 0.303865 0.0226608 0.0293311
0 0.552723 0.247259 0.0137061 0.0279605
0 0.4142 0.595806 0.0235746 0.0441338
0 0.359192 0.474232 0.0169956 0.033443
0 0.0180007 0.355811 0.0118787 0.0252193
0 0.715552 0.73835 0.0199196 0.0578399
0 0.28856 0.539611 0.0186404 0.0386513
0 0.890077 0.877878 0.0173611 0.0298794
0 0.394737 0.272341 0.0190058 0.0298794
0 0.574927 0.277823 0.0193713 0.0342654
0 0.38761 0.229578 0.0146199 0.0309759
0 0.76197 0.534128 0.0133406 0.0320724
0 0.213633 0.645011 0.0350877 0.026864
0 0.651407 0.695861 0.0180921 0.0408443
0 0.700841 0.471354 0.0299708 0.0435855
0 0.616137 0.612253 0.0264985 0.0381031
0 0.501005 0.359512 0.0184576 0.0298794
0 0.309942 0.534539 0.0135234 0.0279605
0 0.482913 0.20477 0.0162646 0.0301535
0 0.508224 0.611842 0.0190058 0.0394737
0 0.592836 0.3554 0.0244883 0.0243969
0 0.470486 0.39597 0.0140716 0.0282346
0 0.414291 0.239583 0.0164474 0.033443
0 0.42288 0.572231 0.0135234 0.0309759
0 0.448008 0.569627 0.0158991 0.0405702
0 0.412646 0.712308 0.0171784 0.044682
0 0.701206 0.679413 0.0190058 0.0430373
0 0.832785 0.654879 0.0171784 0.0526316
0 0.234649 0.546053 0.0208333 0.0405702
0 0.870157 0.635143 0.0206506 0.0487939
0 0.601974 0.720669 0.0153509 0.0361842
0 0.58644 0.503701 0.0164474 0.0304276
0 0.0487025 0.661458 0.0180921 0.0405702
0 0.480537 0.713268 0.0199196 0.0422149
0 0.490314 0.70381 0.0211988 0.0578399
0 0.398209 0.485471 0.0160819 0.0394737
0 0.587262 0.57278 0.0166301 0.0359101
0 0.492416 0.60869 0.0173611 0.0430373
0 0.854349 0.670916 0.0197368 0.0309759
0 0.270468 0.545641 0.0270468 0.0364583
0 0.39629 0.520148 0.0213816 0.0402961
0 0.50731 0.580318 0.0409357 0.0274123
0 0.758955 0.650493 0.0215643 0.0405702
0 0.409083 0.628701 0.0173611 0.0342654
0 0.675347 0.582922 0.0169956 0.046875
0 0.036367 0.505482 0.0296053 0.035636
0 0.930281 0.670504 0.0177266 0.0531798
0 0.596217 0.669682 0.0169956 0.0460526
0 0.0183662 0.512198 0.0188231 0.0430373
0 0.0724598 0.720395 0.026864 0.0394737
0 0.00840643 0.568394 0.0153509 0.0370066
0 0.390077 0.719846 0.0155336 0.0361842
0 0.00904605 0.494106 0.0180921 0.0348136
0 0.617599 0.321135 0.0294225 0.0211075
0 0.815881 0.630208 0.0177266 0.0455044
0 0.0210161 0.563459 0.0160819 0.0413925
0 0.714912 0.534128 0.0314327 0.0413925
0 0.563962 0.241913 0.0138889 0.0271382
0 0.714638 0.509046 0.0173611 0.0350877
0 0.181561 0.280291 0.0180921 0.0282346
0 0.546692 0.291941 0.0162646 0.0323465
0 0.446455 0.694627 0.0171784 0.0449561
0 0.277504 0.503564 0.0173611 0.0361842
0 0.153417 0.288651 0.0213816 0.0411184
0 0.669225 0.544271 0.0164474 0.0364583
0 0.203399 0.526864 0.0175439 0.0383772
0 0.785727 0.549205 0.0169956 0.0370066
0 0.92553 0.586349 0.0217471 0.0400219
0 0.514163 0.536458 0.0188231 0.0416667
0 0.624817 0.736568 0.0190058 0.0400219
0 0.565881 0.520285 0.0202851 0.035636
0 0.648118 0.736979 0.0411184 0.042489
0 0.803271 0.634046 0.0169956 0.0455044
0 0.507858 0.200521 0.0138889 0.0282346
0 0.182657 0.512747 0.0243056 0.0413925
0 0.00868056 0.529194 0.0166301 0.0326206
0 0.140899 0.471217 0.0164474 0.0350877
0 0.463359 0.685718 0.0184576 0.0430373
0 0.597679 0.335663 0.0195541 0.0386513
0 0.504934 0.221765 0.0153509 0.0323465
0 0.898849 0.527961 0.0191886 0.0405702
0 0.464638 0.21642 0.0155336 0.0304276
0 0.531524 0.662007 0.0155336 0.0444079
0 0.710069 0.5625 0.0224781 0.0252193
0 0.203399 0.620751 0.0157164 0.044682
0 0.141539 0.591146 0.0188231 0.0402961
0 0.636879 0.495888 0.0179094 0.0466009
0 0.409905 0.663514 0.0182749 0.0402961
0 0.55985 0.636787 0.0155336 0.0367325
0 0.597679 0.301398 0.0177266 0.0359101
0 0.820541 0.4375 0.0303363 0.035636
0 0.970029 0.64131 0.0179094 0.0545504
0 0.440607 0.364172 0.0197368 0.0408443
0 0.387244 0.551261 0.0149854 0.0323465
0 0.455318 0.36335 0.0191886 0.0249452
0 0.656159 0.35403 0.0162646 0.0342654
0 0.907986 0.544271 0.0177266 0.0435855
0 0.625914 0.223136 0.0146199 0.0307018
0 0.0302449 0.604304 0.0228436 0.0364583
0 0.813596 0.503015 0.0193713 0.0405702
0 0.3697 0.317297 0.0186404 0.0342654
0 0.332602 0.53358 0.0182749 0.0205592
0 0.20276 0.563185 0.0330775 0.0282346
0 0.426992 0.23369 0.0148026 0.0331689
0 0.0197368 0.631853 0.0160819 0.0350877
0 0.431104 0.609786 0.0175439 0.0402961
0 0.953399 0.645696 0.0164474 0.0419408
0 0.234923 0.508909 0.0162646 0.0315241
0 0.496985 0.254112 0.025402 0.026864
0 0.647661 0.552083 0.0186404 0.0411184
0 0.447643 0.611431 0.0177266 0.0441338
0 0.320084 0.829359 0.0169956 0.0276864
0 0.614492 0.355674 0.0177266 0.0402961
0 0.0201023 0.702303 0.0182749 0.0493421
0 0.369974 0.641584 0.0224781 0.0386513
0 0.38697 0.636376 0.0166301 0.0413925
0 0.298702 0.604578 0.0162646 0.0375548
0 0.815241 0.677083 0.0171784 0.0466009
0 0.61239 0.637061 0.0175439 0.0444079
0 0.582876 0.195724 0.0202851 0.026864
0 0.103618 0.568531 0.0186404 0.0411184
0 0.436129 0.577577 0.0158991 0.0361842
0 0.593659 0.416804 0.0188231 0.0348136
0 0.98602 0.635143 0.0180921 0.0449561
0 0.336349 0.521519 0.0158991 0.0326206
0 0.887792 0.631305 0.0164474 0.0422149
0 0.575841 0.652549 0.0266813 0.0435855
0 0.552814 0.356497 0.0201023 0.0386513
0 0.417489 0.512473 0.0184576 0.0397478
0 0.220395 0.535636 0.0179094 0.0400219
0 0.460252 0.339501 0.0169956 0.0364583
0 0.274306 0.470806 0.0204678 0.0359101
0 0.46811 0.242188 0.0199196 0.0265899
0 0.036367 0.70943 0.0193713 0.0509868
0 0.597588 0.514254 0.0160819 0.0400219
0 0.399031 0.233827 0.0148026 0.033443
0 0.609192 0.237802 0.0202851 0.0337171
0 0.443531 0.250274 0.0153509 0.0328947
0 0.221765 0.503975 0.0169956 0.0375548
0 0.641904 0.354578 0.0177266 0.0375548
0 0.631853 0.513843 0.0177266 0.0304276
0 0.179916 0.642818 0.0162646 0.035636
0 0.49735 0.552357 0.0188231 0.0422149
0 0.0920139 0.527275 0.0162646 0.0370066
0 0.125274 0.56812 0.0188231 0.0413925
0 0.498081 0.520833 0.0162646 0.0438596
0 0.54386 0.395696 0.0160819 0.0359101
0 0.85307 0.587856 0.0171784 0.0408443
0 0.435947 0.216831 0.0188231 0.029057
0 0.373995 0.25233 0.0162646 0.0326206
0 0.876645 0.513021 0.0222953 0.0391996
0 0.413286 0.275356 0.0199196 0.0249452
0 0.403052 0.728207 0.0155336 0.0463268
0 0.886148 0.685444 0.0193713 0.0441338
0 0.351151 0.29523 0.0184576 0.0372807
0 0.558662 0.702029 0.0179094 0.0487939
0 0.78591 0.768366 0.0199196 0.0570175
0 0.207968 0.486157 0.0328947 0.044682
0 0.129569 0.472314 0.0149854 0.0350877
0 0.518183 0.246848 0.0158991 0.0337171
0 0.0582968 0.502878 0.0179094 0.0386513
0 0.23602 0.479989 0.0169956 0.0394737
0 0.569444 0.336486 0.0175439 0.0370066
0 0.663194 0.408717 0.0153509 0.0339912
0 0.159083 0.578399 0.0180921 0.0487939
0 0.106817 0.511787 0.0166301 0.0367325
0 0.563871 0.274808 0.0173611 0.0326206
0 0.352887 0.520011 0.0168129 0.0367325
0 0.64099 0.227796 0.0169956 0.035636
0 0.379203 0.234101 0.0190058 0.026864
0 0.0804094 0.518366 0.0175439 0.0427632
0 0.719938 0.471354 0.0177266 0.0370066
0 0.902595 0.618832 0.0182749 0.0457785
0 0.347314 0.434211 0.0243056 0.0394737
0 0.0307931 0.35307 0.0177266 0.0383772
0 0.461531 0.291393 0.0257675 0.0317982
0 0.54724 0.331826 0.0155336 0.0216557
0 0.524488 0.213405 0.0146199 0.0211075
0 0.0387427 0.558799 0.0252193 0.0331689
0 0.65095 0.326343 0.0186404 0.0167215
0 0.00429459 0.534677 0.00858918 0.0167215
0 0.575567 0.246025 0.0155336 0.0194627
0 0.318531 0.551261 0.0226608 0.0186404
0 0.517544 0.209978 0.00986842 0.0175439
0 0.768732 0.543723 0.0250365 0.0331689
0 0.536367 0.215872 0.0186404 0.0243969
0 0.658534 0.574013 0.0155336 0.0279605
0 0.514072 0.342516 0.0270468 0.0205592
0 0.471948 0.222999 0.0235746 0.0298794
0 0.153143 0.505208 0.0277778 0.0427632
0 0.587811 0.679825 0.0246711 0.0449561
0 0.00429459 0.604989 0.00858918 0.0235746
0 0.372807 0.272067 0.0138889 0.013432
0 0.419225 0.657072 0.0186404 0.0411184
0 0.126371 0.640488 0.0232091 0.0293311
0 0.724872 0.595806 0.032712 0.0265899
0 0.551992 0.32182 0.0286915 0.0191886
0 0.402961 0.862527 0.0211988 0.0359101
0 0.343659 0.6054 0.0352705 0.0342654
0 0.309028 0.484649 0.0193713 0.0191886
0 0.301535 0.580044 0.0149854 0.029057
0 0.652138 0.310444 0.0264985 0.013432
0 0.451023 0.2892 0.0179094 0.0180921
0 0.295322 0.55318 0.0248538 0.0383772
0 0.231542 0.645696 0.0321637 0.0216557
0 0.647113 0.434896 0.0182749 0.0183662
0 0.868787 0.603618 0.0321637 0.0241228
0 0.53856 0.854989 0.0219298 0.0350877
0 0.418129 0.320861 0.0222953 0.0172697
0 0.573556 0.302632 0.0279605 0.0213816
0 0.451389 0.279194 0.0226608 0.0183662
0 0.653509 0.296738 0.00913743 0.0145285
0 0.354898 0.563459 0.0248538 0.0408443
0 0.767178 0.514391 0.0233918 0.0287829
0 0.540753 0.314008 0.0325292 0.0271382
0 0.584064 0.255345 0.0171784 0.017818
0 0.345303 0.626919 0.0206506 0.0175439
0 0.424068 0.304002 0.0177266 0.0208333
0 0.581414 0.691064 0.0202851 0.0175439
0 0.839181 0.573465 0.0248538 0.0389254
0 0.840278 0.560718 0.0131579 0.0326206
0 0.655519 0.676124 0.0219298 0.0375548
0 0.864857 0.568394 0.0257675 0.0205592
0 0.477887 0.330044 0.0204678 0.0257675
0 0.529605 0.206277 0.0186404 0.0172697
0 0.519554 0.202851 0.0160819 0.0230263
0 0.773483 0.559073 0.0140716 0.0320724
0 0.546053 0.223958 0.0182749 0.0230263
0 0.30784 0.504934 0.03125 0.0252193
0 0.83708 0.612116 0.0330775 0.0307018
0 0.50265 0.311952 0.0188231 0.033443
0 0.221126 0.575658 0.0325292 0.0235746
0 0.5678 0.221628 0.0190058 0.0222039
0 0.610289 0.309759 0.0239401 0.0164474
0 0.260417 0.593065 0.0146199 0.0402961
0 0.609284 0.279605 0.0266813 0.0241228
0 0.639894 0.388295 0.0308845 0.0194627
0 0.198374 0.587308 0.026864 0.0216557
0 0.585435 0.245066 0.0210161 0.0202851
0 0.669591 0.629249 0.0270468 0.0408443
0 0.0696272 0.533306 0.0186404 0.0337171
0 0.589912 0.278783 0.0201023 0.0197368
0 0.778692 0.838268 0.0314327 0.0169956
0 0.181287 0.540844 0.0281433 0.03125
0 0.690789 0.631579 0.0186404 0.0482456
0 0.367507 0.610609 0.0266813 0.0216557
0 0.521747 0.222999 0.0226608 0.0183662
0 0.531433 0.303865 0.0193713 0.0287829
0 0.65625 0.654605 0.0299708 0.0285088
0 0.776407 0.61801 0.0199196 0.0381031
0 0.245797 0.671327 0.0427632 0.0241228
0 0.636056 0.330318 0.0224781 0.0158991
0 0.64693 0.419682 0.0186404 0.026864
0 0.394371 0.571957 0.0244883 0.0441338
0 0.362847 0.270833 0.0224781 0.0224781
0 0.418951 0.345395 0.0272295 0.0213816
0 0.521107 0.292763 0.0250365 0.0202851
0 0.357639 0.255482 0.0222953 0.0197368
0 0.916027 0.563596 0.028326 0.0466009
0 0.279605 0.567297 0.0113304 0.0238487
0 0.367233 0.768092 0.0440424 0.0345395
0 0.108187 0.538651 0.0131579 0.0230263
0 0.83973 0.584156 0.0105994 0.0219298
0 0.81314 0.553865 0.0239401 0.0452303
0 0.342654 0.658169 0.0226608 0.0411184
0 0.298611 0.494929 0.0248538 0.0337171
0 0.806652 0.590186 0.0274123 0.0416667
0 0.0841557 0.591009 0.0235746 0.0433114
0 0.489949 0.27097 0.0263158 0.0205592
0 0.571272 0.3946 0.0175439 0.0364583
0 0.548702 0.276179 0.0144371 0.0265899
0 0.251462 0.55455 0.0314327 0.0372807
0 0.191064 0.623766 0.0169956 0.0381031
0 0.501645 0.281387 0.0314327 0.0233004
0 0.650128 0.318257 0.029057 0.0202851
0 0.57246 0.558936 0.0224781 0.0405702
0 0.668311 0.716009 0.0233918 0.0476974
0 0.317251 0.51261 0.0285088 0.0241228
0 0.463359 0.516721 0.0177266 0.0427632
0 0.328399 0.582785 0.0204678 0.0372807
0 0.161732 0.651864 0.0241228 0.0444079
0 0.641082 0.665981 0.0149854 0.0375548
0 0.769463 0.576617 0.0202851 0.042489
0 0.583516 0.262473 0.0255848 0.0189145
0 0.783717 0.670779 0.0140716 0.0296053
0 0.678819 0.691749 0.0221126 0.0419408
0 0.558114 0.599507 0.0255848 0.03125
0 0.182109 0.613487 0.0184576 0.0394737
0 0.605263 0.829221 0.0197368 0.0219298
0 0.435855 0.492325 0.0314327 0.0230263
0 0.738487 0.580592 0.0157164 0.0361842
0 0.124269 0.706414 0.0325292 0.0246711
0 0.392909 0.320175 0.0285088 0.0224781
0 0.121893 0.632812 0.0504386 0.0320724
0 0.355994 0.657346 0.0215643 0.0400219
0 0.54587 0.340735 0.0270468 0.0246711
0 0.684485 0.593476 0.0137061 0.0328947
0 0.408991 0.262336 0.0208333 0.0235746
0 0.580866 0.413377 0.0250365 0.0323465
0 0.345029 0.695175 0.0332602 0.0224781
0 0.618147 0.289337 0.0301535 0.0309759
0 0.280245 0.61102 0.030519 0.0235746
0 0.486294 0.64597 0.0168129 0.0419408
0 0.492873 0.368284 0.0244883 0.0386513
0 0.486294 0.24205 0.0241228 0.0197368
0 0.539108 0.506031 0.0263158 0.0301535
0 0.166118 0.289337 0.0157164 0.0364583
0 0.0126096 0.689556 0.0201023 0.046875
0 0.733553 0.614995 0.0376462 0.0276864
0 0.165296 0.536595 0.0250365 0.0227522
0 0.626827 0.665844 0.0168129 0.0498904
0 0.149306 0.524945 0.0255848 0.0394737
0 0.449653 0.295916 0.029057 0.0194627
0 0.472496 0.557292 0.0191886 0.0422149
0 0.143549 0.555921 0.031981 0.0498904
0 0.664382 0.591831 0.0188231 0.0416667
0 0.133498 0.529194 0.0213816 0.0452303
0 0.586897 0.542078 0.0184576 0.0364583
0 0.898575 0.665981 0.0190058 0.0507127
0 0.704952 0.615543 0.0202851 0.0386513
0 0.192708 0.559485 0.0137061 0.026864
0 0.609101 0.685307 0.0175439 0.0389254
0 0.542124 0.250959 0.0126096 0.0309759
0 0.942982 0.659402 0.0135234 0.0359101
0 0.26928 0.530702 0.035636 0.0246711
0 0.579952 0.228344 0.0180921 0.0274123
0 0.530793 0.239172 0.0155336 0.0254934
0 0.751188 0.576069 0.0279605 0.0523575
0 0.368147 0.473547 0.0144371 0.0348136
0 0.250822 0.584156 0.0148026 0.0383772
0 0.63962 0.301124 0.0211988 0.0233004
0 0.885782 0.525356 0.0248538 0.0353618
0 0.657255 0.546053 0.0169956 0.0378289
0 0.373355 0.570724 0.0204678 0.029057
0 0.121802 0.668174 0.0199196 0.0507127
0 0.395102 0.664748 0.0138889 0.0394737
0 0.853801 0.628289 0.0263158 0.0317982
0 0.860471 0.490406 0.0279605 0.035636
0 0.381944 0.290844 0.0263158 0.0191886
0 0.625183 0.701069 0.0186404 0.042489
0 0.678454 0.645011 0.0169956 0.0400219
0 0.613944 0.41324 0.0381944 0.0309759
0 0.526955 0.385005 0.0162646 0.0386513
0 0.375183 0.487939 0.0215643 0.035636
0 0.53061 0.602385 0.0177266 0.0364583
0 0.460161 0.56812 0.0237573 0.0276864
0 0.459887 0.25699 0.0239401 0.0243969
0 0.78856 0.594709 0.0303363 0.0391996
0 0.476151 0.36102 0.0177266 0.0427632
0 0.918677 0.628015 0.0179094 0.0504386
0 0.707602 0.637747 0.0248538 0.044682
0 0.376462 0.715461 0.0193713 0.0482456
0 0.601517 0.380894 0.0345395 0.0205592
0 0.304825 0.626508 0.0157164 0.0386513
0 0.252833 0.515625 0.0191886 0.0350877
0 0.483827 0.521656 0.0173611 0.0394737
0 0.646747 0.59937 0.0292398 0.0364583
0 0.248995 0.476151 0.0166301 0.0411184
0 0.168951 0.597725 0.0235746 0.0441338
0 0.140351 0.655428 0.0248538 0.0520833
0 0.638158 0.720532 0.0193713 0.0463268
0 0.614401 0.569627 0.0215643 0.0466009
0 0.541484 0.532484 0.0255848 0.0342654
0 0.614401 0.725192 0.0186404 0.0430373
0 0.580227 0.330729 0.0222953 0.0276864
0 0.266447 0.487664 0.0226608 0.03125
0 0.454861 0.513569 0.0175439 0.0370066
0 0.338816 0.47108 0.0211988 0.0337171
0 0.374909 0.504112 0.0345395 0.033443
0 0.519645 0.618284 0.0158991 0.0364583
0 0.826115 0.583607 0.0184576 0.0411184
0 0.73867 0.536595 0.0201023 0.0430373
0 0.692982 0.572368 0.0157164 0.0400219
0 0.559211 0.548931 0.0193713 0.0435855
0 0.366319 0.707922 0.0191886 0.0397478
0 0.623904 0.24301 0.0230263 0.0167215
0 0.630482 0.369655 0.0211988 0.0353618
0 0.458333 0.647615 0.0233918 0.0474232
0 0.67754 0.490543 0.0199196 0.0375548
0 0.0515351 0.623766 0.0266813 0.0402961
0 0.763067 0.712034 0.0206506 0.0529057
0 0.471765 0.288377 0.0155336 0.0339912
0 0.049068 0.546738 0.0243056 0.0233004
0 0.218293 0.610471 0.0166301 0.0416667
0 0.486385 0.571957 0.0180921 0.0413925
0 0.290844 0.467791 0.0169956 0.0381031
0 0.0977705 0.642133 0.0248538 0.0386513
0 0.613578 0.533854 0.0217471 0.0441338
0 0.269554 0.58813 0.0175439 0.042489
0 0.437957 0.334567 0.0232091 0.0304276
0 0.588176 0.72108 0.0184576 0.0430373
0 0.545322 0.611842 0.0215643 0.0493421
0 0.475146 0.640077 0.0193713 0.0471491
0 0.190698 0.650905 0.0126096 0.0282346
0 0.556287 0.580318 0.0288743 0.0328947
0 0.526864 0.265077 0.0146199 0.0339912
0 0.479624 0.222725 0.0210161 0.0150768
0 0.668586 0.488898 0.0180921 0.0315241
0 0.76526 0.621025 0.0166301 0.0287829
0 0.111294 0.485471 0.0201023 0.0416667
0 0.41557 0.300576 0.0241228 0.0211075
0 0.478344 0.534677 0.0144371 0.0326206
0 0.325292 0.642544 0.0175439 0.0460526
0 0.177906 0.495614 0.0173611 0.0378289
0 0.433571 0.536595 0.0162646 0.0397478
0 0.173702 0.703536 0.0213816 0.0375548
0 0.314784 0.578673 0.0184576 0.0394737
0 0.23803 0.601288 0.0180921 0.0441338
0 0.629569 0.609101 0.0211988 0.0274123
0 0.498173 0.214227 0.0142544 0.0298794
0 0.292672 0.578536 0.029057 0.0452303
0 0.569262 0.633772 0.0171784 0.035636
0 0.932292 0.614857 0.0155336 0.0411184
0 0.0688962 0.570038 0.0186404 0.0370066
0 0.784357 0.645285 0.0328947 0.0350877
0 0.383863 0.676398 0.0144371 0.0375548
0 0.408991 0.549479 0.0171784 0.0402961
0 0.510691 0.661732 0.0217471 0.0498904
0 0.0985928 0.548657 0.0210161 0.0364583
0 0.798794 0.457922 0.0233918 0.046875
0 0.687957 0.725603 0.0177266 0.0350877
0 0.426078 0.796875 0.0173611 0.0263158
0 0.00977705 0.645833 0.0191886 0.0444079
0 0.0503472 0.704221 0.0188231 0.0416667
0 0.941886 0.577988 0.0182749 0.0348136
0 0.576115 0.730811 0.0169956 0.0476974
0 0.637061 0.412007 0.0325292 0.0235746
0 0.0758406 0.461897 0.0277778 0.0202851
0 0.797058 0.536732 0.0173611 0.0411184
0 0.63697 0.582785 0.0294225 0.0339912
0 0.450018 0.22108 0.0206506 0.0276864
0 0.468293 0.347177 0.0144371 0.0320724
0 0.63167 0.29386 0.0232091 0.03125
0 0.520194 0.486979 0.0173611 0.0381031
0 0.797606 0.674068 0.0206506 0.0498904
0 0.398026 0.610609 0.0171784 0.0413925
0 0.108004 0.596354 0.0208333 0.0463268
0 0.426535 0.270833 0.0153509 0.0323465
0 0.624726 0.34608 0.0221126 0.0331689
0 0.741228 0.628975 0.0413012 0.0430373
0 0.715278 0.578125 0.0376462 0.0372807
0 0.344024 0.562774 0.0173611 0.0422149
0 0.146747 0.489172 0.0226608 0.0381031
0 0.0475146 0.577303 0.0197368 0.0422149
0 0.0364583 0.652275 0.0180921 0.0463268
0 0.341192 0.500411 0.0146199 0.0315241
0 0.588633 0.60869 0.0182749 0.0391996
0 0.492781 0.324836 0.0195541 0.0378289
0 0.435947 0.658443 0.0177266 0.0504386
0 0.513432 0.316338 0.0202851 0.0350877
0 0.426078 0.459156 0.0180921 0.0378289
0 0.184393 0.55455 0.0376462 0.0339912
0 0.299251 0.459841 0.0137061 0.0309759
0 0.498629 0.638569 0.0169956 0.0408443
0 0.169956 0.303865 0.0226608 0.0293311
0 0.552723 0.247259 0.0137061 0.0279605
0 0.4142 0.595806 0.0235746 0.0441338
0 0.359192 0.474232 0.0169956 0.033443
0 0.0180007 0.355811 0.0118787 0.0252193
0 0.715552 0.73835 0.0199196 0.0578399
0 0.28856 0.539611 0.0186404 0.0386513
0 0.890077 0.877878 0.0173611 0.0298794
0 0.394737 0.272341 0.0190058 0.0298794
0 0.574927 0.277823 0.0193713 0.0342654
0 0.38761 0.229578 0.0146199 0.0309759
0 0.76197 0.534128 0.0133406 0.0320724
0 0.213633 0.645011 0.0350877 0.026864
0 0.651407 0.695861 0.0180921 0.0408443
0 0.700841 0.471354 0.0299708 0.0435855
0 0.616137 0.612253 0.0264985 0.0381031
0 0.501005 0.359512 0.0184576 0.0298794
0 0.309942 0.534539 0.0135234 0.0279605
0 0.482913 0.20477 0.0162646 0.0301535
0 0.508224 0.611842 0.0190058 0.0394737
0 0.592836 0.3554 0.0244883 0.0243969
0 0.470486 0.39597 0.0140716 0.0282346
0 0.414291 0.239583 0.0164474 0.033443
0 0.42288 0.572231 0.0135234 0.0309759
0 0.448008 0.569627 0.0158991 0.0405702
0 0.412646 0.712308 0.0171784 0.044682
0 0.701206 0.679413 0.0190058 0.0430373
0 0.832785 0.654879 0.0171784 0.0526316
0 0.234649 0.546053 0.0208333 0.0405702
0 0.870157 0.635143 0.0206506 0.0487939
0 0.601974 0.720669 0.0153509 0.0361842
0 0.58644 0.503701 0.0164474 0.0304276
0 0.0487025 0.661458 0.0180921 0.0405702
0 0.480537 0.713268 0.0199196 0.0422149
0 0.490314 0.70381 0.0211988 0.0578399
0 0.398209 0.485471 0.0160819 0.0394737
0 0.587262 0.57278 0.0166301 0.0359101
0 0.492416 0.60869 0.0173611 0.0430373
0 0.854349 0.670916 0.0197368 0.0309759
0 0.270468 0.545641 0.0270468 0.0364583
0 0.39629 0.520148 0.0213816 0.0402961
0 0.50731 0.580318 0.0409357 0.0274123
0 0.758955 0.650493 0.0215643 0.0405702
0 0.409083 0.628701 0.0173611 0.0342654
0 0.675347 0.582922 0.0169956 0.046875
0 0.036367 0.505482 0.0296053 0.035636
0 0.930281 0.670504 0.0177266 0.0531798
0 0.596217 0.669682 0.0169956 0.0460526
0 0.0183662 0.512198 0.0188231 0.0430373
0 0.0724598 0.720395 0.026864 0.0394737
0 0.00840643 0.568394 0.0153509 0.0370066
0 0.390077 0.719846 0.0155336 0.0361842
0 0.00904605 0.494106 0.0180921 0.0348136
0 0.617599 0.321135 0.0294225 0.0211075
0 0.815881 0.630208 0.0177266 0.0455044
0 0.0210161 0.563459 0.0160819 0.0413925
0 0.714912 0.534128 0.0314327 0.0413925
0 0.563962 0.241913 0.0138889 0.0271382
0 0.714638 0.509046 0.0173611 0.0350877
0 0.181561 0.280291 0.0180921 0.0282346
0 0.546692 0.291941 0.0162646 0.0323465
0 0.446455 0.694627 0.0171784 0.0449561
0 0.277504 0.503564 0.0173611 0.0361842
0 0.153417 0.288651 0.0213816 0.0411184
0 0.669225 0.544271 0.0164474 0.0364583
0 0.203399 0.526864 0.0175439 0.0383772
0 0.785727 0.549205 0.0169956 0.0370066
0 0.92553 0.586349 0.0217471 0.0400219
0 0.514163 0.536458 0.0188231 0.0416667
0 0.624817 0.736568 0.0190058 0.0400219
0 0.565881 0.520285 0.0202851 0.035636
0 0.648118 0.736979 0.0411184 0.042489
0 0.803271 0.634046 0.0169956 0.0455044
0 0.507858 0.200521 0.0138889 0.0282346
0 0.182657 0.512747 0.0243056 0.0413925
0 0.00868056 0.529194 0.0166301 0.0326206
0 0.140899 0.471217 0.0164474 0.0350877
0 0.463359 0.685718 0.0184576 0.0430373
0 0.597679 0.335663 0.0195541 0.0386513
0 0.504934 0.221765 0.0153509 0.0323465
0 0.898849 0.527961 0.0191886 0.0405702
0 0.464638 0.21642 0.0155336 0.0304276
0 0.531524 0.662007 0.0155336 0.0444079
0 0.710069 0.5625 0.0224781 0.0252193
0 0.203399 0.620751 0.0157164 0.044682
0 0.141539 0.591146 0.0188231 0.0402961
0 0.636879 0.495888 0.0179094 0.0466009
0 0.409905 0.663514 0.0182749 0.0402961
0 0.55985 0.636787 0.0155336 0.0367325
0 0.597679 0.301398 0.0177266 0.0359101
0 0.820541 0.4375 0.0303363 0.035636
0 0.970029 0.64131 0.0179094 0.0545504
0 0.440607 0.364172 0.0197368 0.0408443
0 0.387244 0.551261 0.0149854 0.0323465
0 0.455318 0.36335 0.0191886 0.0249452
0 0.656159 0.35403 0.0162646 0.0342654
0 0.907986 0.544271 0.0177266 0.0435855
0 0.625914 0.223136 0.0146199 0.0307018
0 0.0302449 0.604304 0.0228436 0.0364583
0 0.813596 0.503015 0.0193713 0.0405702
0 0.3697 0.317297 0.0186404 0.0342654
0 0.332602 0.53358 0.0182749 0.0205592
0 0.20276 0.563185 0.0330775 0.0282346
0 0.426992 0.23369 0.0148026 0.0331689
0 0.0197368 0.631853 0.0160819 0.0350877
0 0.431104 0.609786 0.0175439 0.0402961
0 0.953399 0.645696 0.0164474 0.0419408
0 0.234923 0.508909 0.0162646 0.0315241
0 0.496985 0.254112 0.025402 0.026864
0 0.647661 0.552083 0.0186404 0.0411184
0 0.447643 0.611431 0.0177266 0.0441338
0 0.320084 0.829359 0.0169956 0.0276864
0 0.614492 0.355674 0.0177266 0.0402961
0 0.0201023 0.702303 0.0182749 0.0493421
0 0.369974 0.641584 0.0224781 0.0386513
0 0.38697 0.636376 0.0166301 0.0413925
0 0.298702 0.604578 0.0162646 0.0375548
0 0.815241 0.677083 0.0171784 0.0466009
0 0.61239 0.637061 0.0175439 0.0444079
0 0.582876 0.195724 0.0202851 0.026864
0 0.103618 0.568531 0.0186404 0.0411184
0 0.436129 0.577577 0.0158991 0.0361842
0 0.593659 0.416804 0.0188231 0.0348136
0 0.98602 0.635143 0.0180921 0.0449561
0 0.336349 0.521519 0.0158991 0.0326206
0 0.887792 0.631305 0.0164474 0.0422149
0 0.575841 0.652549 0.0266813 0.0435855
0 0.552814 0.356497 0.0201023 0.0386513
0 0.417489 0.512473 0.0184576 0.0397478
0 0.220395 0.535636 0.0179094 0.0400219
0 0.460252 0.339501 0.0169956 0.0364583
0 0.274306 0.470806 0.0204678 0.0359101
0 0.46811 0.242188 0.0199196 0.0265899
0 0.036367 0.70943 0.0193713 0.0509868
0 0.597588 0.514254 0.0160819 0.0400219
0 0.399031 0.233827 0.0148026 0.033443
0 0.609192 0.237802 0.0202851 0.0337171
0 0.443531 0.250274 0.0153509 0.0328947
0 0.221765 0.503975 0.0169956 0.0375548
0 0.641904 0.354578 0.0177266 0.0375548
0 0.631853 0.513843 0.0177266 0.0304276
0 0.179916 0.642818 0.0162646 0.035636
0 0.49735 0.552357 0.0188231 0.0422149
0 0.0920139 0.527275 0.0162646 0.0370066
0 0.125274 0.56812 0.0188231 0.0413925
0 0.498081 0.520833 0.0162646 0.0438596
0 0.54386 0.395696 0.0160819 0.0359101
0 0.85307 0.587856 0.0171784 0.0408443
0 0.435947 0.216831 0.0188231 0.029057
0 0.373995 0.25233 0.0162646 0.0326206
0 0.876645 0.513021 0.0222953 0.0391996
0 0.413286 0.275356 0.0199196 0.0249452
0 0.403052 0.728207 0.0155336 0.0463268
0 0.886148 0.685444 0.0193713 0.0441338
0 0.351151 0.29523 0.0184576 0.0372807
0 0.558662 0.702029 0.0179094 0.0487939
0 0.78591 0.768366 0.0199196 0.0570175
0 0.207968 0.486157 0.0328947 0.044682
0 0.129569 0.472314 0.0149854 0.0350877
0 0.518183 0.246848 0.0158991 0.0337171
0 0.0582968 0.502878 0.0179094 0.0386513
0 0.23602 0.479989 0.0169956 0.0394737
0 0.569444 0.336486 0.0175439 0.0370066
0 0.663194 0.408717 0.0153509 0.0339912
0 0.159083 0.578399 0.0180921 0.0487939
0 0.106817 0.511787 0.0166301 0.0367325
0 0.563871 0.274808 0.0173611 0.0326206
0 0.352887 0.520011 0.0168129 0.0367325
0 0.64099 0.227796 0.0169956 0.035636
0 0.379203 0.234101 0.0190058 0.026864
0 0.0804094 0.518366 0.0175439 0.0427632
0 0.719938 0.471354 0.0177266 0.0370066
0 0.902595 0.618832 0.0182749 0.0457785
0 0.347314 0.434211 0.0243056 0.0394737
0 0.0307931 0.35307 0.0177266 0.0383772
