0 0.168375 0.953333 0.04025 0.0606667
0 0.223875 0.703333 0.01625 0.0186667
0 0.152375 0.701833 0.02225 0.0216667
0 0.192625 0.801667 0.02725 0.0386667
0 0.238375 0.7 0.02325 0.0266667
0 0.241625 0.6735 0.01275 0.019
0 0.2365 0.715667 0.0245 0.028
0 0.537125 0.783 0.01225 0.0186667
0 0.648125 0.810667 0.02275 0.028
0 0.25125 0.689167 0.019 0.0156667
0 0.274 0.702 0.009 0.014
0 0.193 0.686667 0.0165 0.0106667
0 0.648875 0.8195 0.01275 0.0223333
0 0.121375 0.808167 0.02075 0.0203333
0 0.275 0.6805 0.018 0.0143333
0 0.14275 0.696167 0.023 0.0216667
0 0.360625 0.841833 0.02575 0.0423333
0 0.21525 0.686333 0.013 0.0133333
0 0.18475 0.668167 0.0175 0.0136667
0 0.642 0.795167 0.0155 0.0163333
0 0.185625 0.815667 0.02225 0.0246667
0 0.281875 0.6885 0.01925 0.017
0 0.4235 0.78 0.028 0.024
0 0.194125 0.829 0.03375 0.018
0 0.235125 0.702 0.01025 0.0153333
0 0.173625 0.696333 0.02075 0.0186667
0 0.261875 0.697833 0.02075 0.0156667
0 0.4245 0.792167 0.032 0.0236667
0 0.145625 0.679167 0.00925 0.0136667
0 0.236875 0.689667 0.01225 0.0193333
0 0.158625 0.6825 0.01475 0.0156667
0 0.519 0.810833 0.0175 0.031
0 0.29575 0.6665 0.019 0.0136667
0 0.283625 0.771 0.01475 0.0293333
0 0.45975 0.790167 0.009 0.015
0 0.3825 0.771 0.0285 0.0253333
0 0.214125 0.6755 0.01575 0.015
0 0.15475 0.7205 0.029 0.019
0 0.575 0.8015 0.0235 0.0163333
0 0.19275 0.757833 0.0245 0.025
0 0.16775 0.709 0.014 0.0213333
0 0.170625 0.682667 0.00825 0.0126667
0 0.36475 0.786 0.0225 0.0306667
0 0.558625 0.796833 0.02075 0.029
0 0.2225 0.723 0.014 0.0246667
0 0.1985 0.718667 0.0165 0.0226667
0 0.228625 0.787333 0.02125 0.032
0 0.53525 0.831167 0.023 0.037
0 0.185375 0.7105 0.02275 0.0303333
0 0.203875 0.701333 0.01375 0.0186667
0 0.55925 0.820667 0.019 0.0333333
0 0.195625 0.6755 0.02125 0.0143333
0 0.265 0.800167 0.025 0.0283333
0 0.2045 0.687 0.009 0.0146667
0 0.40475 0.922167 0.032 0.035
0 0.599375 0.7895 0.01625 0.015
0 0.1565 0.773167 0.0365 0.031
0 0.2035 0.775 0.034 0.0226667
0 0.253625 0.724 0.01825 0.032
0 0.282 0.708833 0.022 0.013
0 0.500875 0.778 0.02175 0.0186667
0 0.458875 0.781 0.02075 0.028
0 0.583375 0.8155 0.02875 0.0183333
0 0.25975 0.671667 0.01 0.0146667
0 0.385125 0.786 0.02025 0.0166667
0 0.234375 0.719833 0.01075 0.017
0 0.247 0.7035 0.015 0.019
0 0.129 0.692 0.0265 0.0253333
0 0.21825 0.696667 0.0155 0.0193333
0 0.438875 0.805833 0.01975 0.031
0 0.269 0.759833 0.0165 0.0263333
0 0.144125 0.804333 0.02225 0.0386667
0 0.245625 0.668167 0.01025 0.017
0 0.120125 0.814167 0.02975 0.053
0 0.266875 0.715667 0.01375 0.0286667
0 0.588375 0.795 0.02575 0.0226667
0 0.405 0.8065 0.0165 0.0356667
0 0.155 0.735167 0.0195 0.015
0 0.27625 0.655833 0.018 0.015
0 0.161625 0.785 0.02325 0.0273333
0 0.17525 0.808167 0.0135 0.0256667
0 0.140875 0.783 0.01975 0.0346667
0 0.182 0.741333 0.017 0.0293333
0 0.4595 0.813167 0.022 0.037
0 0.231125 0.6685 0.01525 0.0176667
0 0.62725 0.7965 0.0195 0.0223333
0 0.28525 0.8045 0.0305 0.0283333
0 0.240375 0.732 0.02275 0.0313333
0 0.484375 0.7755 0.01825 0.025
0 0.384 0.819333 0.0185 0.032
0 0.345875 0.779667 0.01375 0.0306667
0 0.251625 0.668667 0.00875 0.0146667
0 0.232125 0.7725 0.01275 0.029
0 0.4985 0.814833 0.0155 0.027
0 0.231875 0.686167 0.01075 0.0176667
0 0.273125 0.725333 0.02425 0.0246667
0 0.37725 0.805667 0.025 0.0273333
0 0.54775 0.788667 0.017 0.0253333
0 0.6245 0.816167 0.0175 0.0343333
0 0.508875 0.815333 0.01825 0.0326667
0 0.318 0.700833 0.0125 0.0243333
0 0.667875 0.8115 0.01925 0.0316667
0 0.21325 0.787333 0.0135 0.0253333
0 0.5015 0.793167 0.017 0.019
0 0.303375 0.700667 0.01775 0.0273333
0 0.37175 0.775833 0.0165 0.023
0 0.163625 0.81 0.01675 0.0333333
0 0.34175 0.815333 0.022 0.0433333
0 0.354125 0.797333 0.01725 0.0373333
0 0.53125 0.791667 0.016 0.024
0 0.29775 0.779667 0.0325 0.032
0 0.486625 0.798667 0.01825 0.032
0 0.182875 0.789333 0.01575 0.0266667
0 0.20275 0.806667 0.016 0.0333333
0 0.397875 0.791667 0.01925 0.0293333
0 0.2445 0.771333 0.017 0.0366667
0 0.449375 0.775333 0.01525 0.03
0 0.420875 0.807167 0.02125 0.0396667
0 0.192125 0.743667 0.01875 0.034
0 0.5465 0.815667 0.0195 0.0353333
0 0.104125 0.794667 0.03575 0.032
0 0.276625 0.766833 0.01375 0.031
0 0.125 0.7685 0.0295 0.0196667
0 0.12575 0.842167 0.029 0.0336667
0 0.20575 0.756167 0.0265 0.0276667
0 0.259125 0.786 0.02175 0.0386667
0 0.474125 0.81 0.01925 0.03
0 0.525375 0.824 0.02075 0.034
0 0.217625 0.806333 0.01875 0.0333333
0 0.3265 0.700333 0.0175 0.0233333
0 0.642125 0.8215 0.01925 0.0323333
0 0.29525 0.763667 0.017 0.0306667
0 0.4715 0.777833 0.0135 0.0276667
0 0.254625 0.772333 0.01425 0.0306667
0 0.329875 0.802 0.02325 0.0393333
0 0.3195 0.792167 0.017 0.0343333
0 0.579375 0.836833 0.03675 0.0183333
0 0.208625 0.729167 0.01525 0.0296667
0 0.658125 0.814 0.01825 0.0333333
0 0.6145 0.815833 0.019 0.0316667
0 0.225625 0.759 0.01825 0.0326667
0 0.603875 0.8225 0.01475 0.0296667
0 0.358875 0.763833 0.01625 0.029
0 0.16525 0.837833 0.023 0.0376667
0 0.3205 0.755333 0.0235 0.034
0 0.302 0.799667 0.025 0.038
0 0.5195 0.785333 0.0175 0.0293333
0 0.334375 0.778833 0.01825 0.0316667
0 0.391375 0.828833 0.01825 0.0383333
0 0.286125 0.723667 0.01975 0.034
