0 0.834247 0.459978 0.00950292 0.0148026
0 0.260782 0.424753 0.0281433 0.0386513
0 0.461531 0.48273 0.0228436 0.0378289
0 0.145925 0.374863 0.025402 0.0359101
0 0.980994 0.513295 0.0135234 0.0276864
0 0.287098 0.414062 0.0190058 0.0161732
0 0.281067 0.248492 0.0138889 0.0172697
0 0.628838 0.423657 0.0237573 0.0331689
0 0.072277 0.508909 0.0250365 0.0342654
0 0.0088633 0.276727 0.0177266 0.0238487
0 0.391082 0.407072 0.0190058 0.0372807
0 0.0248538 0.288377 0.0244883 0.0191886
0 0.85901 0.588953 0.0221126 0.0534539
0 0.00986842 0.293037 0.0146199 0.0164474
0 0.308571 0.256853 0.0195541 0.0279605
0 0.654697 0.451069 0.0246711 0.0304276
0 0.0546418 0.288377 0.0215643 0.0131579
0 0.936221 0.598273 0.0303363 0.0227522
0 0.995888 0.205729 0.00822368 0.015625
0 0.119974 0.415707 0.0158991 0.0298794
0 0.611933 0.411732 0.0243056 0.0230263
0 0.0578399 0.290433 0.0239401 0.0320724
0 0.151133 0.41324 0.0292398 0.0222039
0 0.876188 0.50932 0.0111477 0.0252193
0 0.558205 0.514117 0.028326 0.0183662
0 0.952942 0.623492 0.0378289 0.0282346
0 0.719481 0.479167 0.0244883 0.0246711
0 0.95614 0.554139 0.0175439 0.0397478
0 0.986933 0.231086 0.0195541 0.0191886
0 0.0739218 0.405016 0.0239401 0.0183662
0 0.15689 0.55551 0.0246711 0.0189145
0 0.197277 0.474507 0.0272295 0.0213816
0 0.624635 0.549479 0.0226608 0.0370066
0 0.984284 0.471765 0.0314327 0.0241228
0 0.355994 0.409677 0.0138889 0.0320724
0 0.824836 0.575658 0.025402 0.0246711
0 0.503381 0.426535 0.0243056 0.0202851
0 0.29651 0.413788 0.0144371 0.0172697
0 0.1303 0.513021 0.0230263 0.0342654
0 0.950475 0.488898 0.0354532 0.0227522
0 0.725146 0.469435 0.0252193 0.0227522
0 0.137701 0.440927 0.0224781 0.0359101
0 0.285636 0.254249 0.0142544 0.0205592
0 0.0142544 0.495203 0.0274123 0.0183662
0 0.0159905 0.448465 0.0133406 0.0339912
0 0.285179 0.554688 0.0213816 0.0172697
0 0.289017 0.428865 0.026133 0.0205592
0 0.866228 0.501645 0.0197368 0.0328947
0 0.992599 0.246985 0.0148026 0.0148026
0 0.00657895 0.272341 0.00950292 0.0172697
0 0.977156 0.457511 0.0274123 0.033443
0 0.00712719 0.285225 0.0142544 0.0150768
0 0.846674 0.595258 0.0201023 0.044682
0 0.472314 0.572643 0.0151681 0.0361842
0 0.133955 0.467928 0.0153509 0.0307018
0 0.346583 0.25466 0.0264985 0.0230263
0 0.409083 0.384457 0.0246711 0.0287829
0 0.306835 0.264391 0.0102339 0.020011
0 0.202394 0.356223 0.0188231 0.0320724
0 0.360471 0.558114 0.0137061 0.0317982
0 0.890077 0.537281 0.034174 0.0197368
0 0.0793129 0.495888 0.0255848 0.0219298
0 0.29852 0.255208 0.0202851 0.0202851
0 0.528417 0.602659 0.028326 0.0216557
0 0.302723 0.513843 0.0286915 0.0222039
0 0.145833 0.392133 0.0131579 0.0320724
0 0.560033 0.425576 0.0122442 0.0249452
0 0.362116 0.492736 0.0221126 0.0397478
0 0.842471 0.479578 0.0263158 0.0233004
0 0.289565 0.531113 0.0144371 0.0320724
0 0.253015 0.257812 0.0195541 0.0222039
0 0.833151 0.638432 0.0336257 0.0246711
0 0.675895 0.468202 0.0177266 0.0367325
0 0.257036 0.513021 0.0191886 0.0391996
0 0.526133 0.470943 0.0164474 0.0235746
0 0.892452 0.573054 0.0213816 0.0441338
0 0.210161 0.422423 0.0109649 0.0235746
0 0.541484 0.42818 0.0285088 0.0197368
0 0.106999 0.504249 0.026133 0.0249452
0 0.224141 0.405839 0.026133 0.0227522
0 0.777778 0.480948 0.0208333 0.0359101
0 0.616137 0.556332 0.0140716 0.0348136
0 0.64894 0.565515 0.0157164 0.0405702
0 0.014894 0.696957 0.026133 0.0287829
0 0.831232 0.509046 0.0195541 0.0323465
0 0.976791 0.503701 0.0252193 0.0402961
0 0.114583 0.441475 0.0233918 0.0397478
0 0.534083 0.584704 0.0239401 0.0230263
0 0.912463 0.528783 0.0347222 0.0202851
0 0.461897 0.384457 0.0180921 0.0337171
0 0.994609 0.575521 0.0107822 0.0293311
0 0.838724 0.587856 0.0184576 0.044682
0 0.889254 0.511239 0.0230263 0.033443
0 0.04322 0.56483 0.0195541 0.0309759
0 0.519006 0.511513 0.0307018 0.0263158
0 0.979898 0.570861 0.0270468 0.0233004
0 0.956963 0.504386 0.0224781 0.0372807
0 0.877558 0.557566 0.0204678 0.0405702
0 0.168951 0.478893 0.031981 0.0252193
0 0.0124269 0.298794 0.0248538 0.0175439
0 0.824927 0.468065 0.0197368 0.0293311
0 0.119883 0.517681 0.0190058 0.0381031
0 0.498812 0.412144 0.0217471 0.0265899
0 0.218202 0.431332 0.0120614 0.0254934
0 0.451754 0.456552 0.0292398 0.0233004
0 0.288103 0.445861 0.0272295 0.0211075
0 0.587811 0.625959 0.0246711 0.0211075
0 0.405245 0.571409 0.0195541 0.0485197
0 0.861842 0.488487 0.0244883 0.0361842
0 0.247807 0.279194 0.0241228 0.0222039
0 0.543951 0.404331 0.026133 0.0345395
0 0.123995 0.551398 0.0246711 0.0452303
0 0.68686 0.560855 0.026133 0.0383772
0 0.184393 0.408991 0.0142544 0.0372807
0 0.226517 0.285636 0.0118787 0.0246711
0 0.387244 0.507401 0.0153509 0.0372807
0 0.427083 0.394326 0.0175439 0.0413925
0 0.660545 0.572094 0.0144371 0.03125
0 0.85508 0.459704 0.0190058 0.0361842
0 0.413925 0.443257 0.0317982 0.0213816
0 0.530428 0.439556 0.0239401 0.0227522
0 0.462993 0.436678 0.0286915 0.0219298
0 0.0571089 0.529468 0.0166301 0.0309759
0 0.365588 0.581552 0.033443 0.0249452
0 0.593841 0.440378 0.0158991 0.0375548
0 0.420322 0.586623 0.0372807 0.0252193
0 0.0970395 0.52193 0.0255848 0.0274123
0 0.461349 0.521793 0.0162646 0.0348136
0 0.0585709 0.302769 0.0213816 0.0172697
0 0.151042 0.440515 0.0169956 0.0323465
0 0.330775 0.36568 0.0182749 0.0372807
0 0.952851 0.467242 0.0190058 0.0331689
0 0.362025 0.25466 0.0263158 0.0224781
0 0.303271 0.530428 0.0177266 0.0279605
0 0.809667 0.465735 0.0177266 0.0372807
0 0.0604898 0.36472 0.0164474 0.0391996
0 0.634503 0.44216 0.0131579 0.0339912
0 0.486385 0.551809 0.0177266 0.0487939
0 0.0101425 0.358827 0.0191886 0.0394737
0 0.526224 0.540022 0.0158991 0.0449561
0 0.0518092 0.554962 0.0173611 0.0260417
0 0.175164 0.422971 0.0169956 0.03125
0 0.344938 0.520011 0.0180921 0.0274123
0 0.826937 0.445038 0.0263158 0.0293311
0 0.603527 0.567023 0.0151681 0.0364583
0 0.00694444 0.450384 0.0138889 0.0323465
0 0.900037 0.489309 0.0230263 0.0422149
0 0.20879 0.454633 0.0195541 0.0238487
0 0.869609 0.593339 0.0162646 0.0430373
0 0.320541 0.562089 0.0259503 0.0309759
0 0.324836 0.401179 0.0184576 0.0386513
0 0.917215 0.595258 0.0270468 0.0249452
0 0.0324379 0.373629 0.0195541 0.0323465
0 0.369792 0.408169 0.0148026 0.0339912
0 0.32246 0.445587 0.0191886 0.0348136
0 0.845943 0.439008 0.0146199 0.0353618
0 0.234466 0.762884 0.0288743 0.026864
0 0.398666 0.533032 0.0177266 0.0375548
0 0.654423 0.436129 0.0244883 0.0241228
0 0.746345 0.626782 0.0157164 0.0474232
0 0.751553 0.449698 0.0177266 0.0397478
0 0.40223 0.48739 0.0179094 0.03125
0 0.265534 0.40858 0.0186404 0.0249452
0 0.985654 0.543174 0.0217471 0.0463268
0 0.941338 0.442982 0.0255848 0.0504386
0 0.114126 0.467791 0.0279605 0.0271382
0 0.158534 0.506168 0.0162646 0.0348136
0 0.212993 0.521519 0.0210161 0.0381031
0 0.295596 0.239172 0.0133406 0.0222039
0 0.288834 0.490132 0.0180921 0.035636
0 0.903052 0.469298 0.026864 0.0400219
0 0.0187317 0.375822 0.0188231 0.0317982
0 0.679642 0.503838 0.0138889 0.0328947
0 0.458973 0.424753 0.0191886 0.0293311
0 0.382401 0.407346 0.0158991 0.0405702
0 0.36705 0.442434 0.0180921 0.0350877
0 0.446729 0.405839 0.0140716 0.0304276
0 0.625 0.440652 0.0164474 0.0331689
0 0.509503 0.36006 0.0127924 0.0282346
0 0.636422 0.607593 0.0213816 0.0381031
0 0.132036 0.410773 0.0166301 0.0353618
0 0.393001 0.478207 0.0144371 0.0320724
0 0.497624 0.512336 0.0281433 0.0301535
0 0.919591 0.501782 0.0179094 0.0370066
0 0.414291 0.503289 0.0208333 0.0444079
0 0.587719 0.407621 0.0175439 0.0389254
0 0.154971 0.570861 0.0387427 0.0243969
0 0.614492 0.435718 0.0166301 0.0359101
0 0.0866228 0.462993 0.0339912 0.0394737
0 0.0279605 0.564145 0.0197368 0.0427632
0 0.441612 0.390899 0.0188231 0.0345395
0 0.804733 0.25466 0.0191886 0.0241228
0 0.154605 0.395833 0.0168129 0.0252193
0 0.349232 0.421327 0.0175439 0.0394737
0 0.664839 0.55784 0.0182749 0.0389254
0 0.0152595 0.272341 0.0115132 0.0205592
0 0.241137 0.51398 0.0191886 0.0416667
0 0.82648 0.494106 0.0202851 0.0430373
0 0.548246 0.538651 0.0175439 0.0389254
0 0.256396 0.553865 0.0237573 0.0282346
0 0.535545 0.552495 0.0184576 0.0435855
0 0.88295 0.476562 0.0166301 0.0375548
0 0.0746528 0.528646 0.0173611 0.0364583
0 0.202668 0.429688 0.0190058 0.0370066
0 0.240771 0.554139 0.0199196 0.0391996
0 0.712811 0.440378 0.0202851 0.0397478
0 0.377284 0.542352 0.0228436 0.0276864
0 0.322825 0.266173 0.0177266 0.0350877
0 0.181926 0.501782 0.031981 0.0265899
0 0.809942 0.230811 0.0116959 0.0263158
0 0.295413 0.556743 0.0316155 0.035636
0 0.166118 0.676672 0.0135234 0.0265899
0 0.269463 0.444901 0.0151681 0.0350877
0 0.454221 0.56017 0.0144371 0.0342654
0 0.1928 0.360334 0.0146199 0.0309759
0 0.684667 0.441338 0.0217471 0.0449561
0 0.882858 0.643777 0.0248538 0.0441338
0 0.475969 0.399534 0.0169956 0.0337171
0 0.629934 0.409951 0.0157164 0.0260417
0 0.970943 0.529468 0.0149854 0.0331689
0 0.0783077 0.279879 0.0239401 0.0307018
0 0.674708 0.547834 0.0175439 0.0413925
0 0.275219 0.261787 0.0175439 0.0296053
0 0.132036 0.708196 0.0162646 0.0260417
0 0.93814 0.513021 0.0177266 0.0353618
0 0.748629 0.497122 0.0177266 0.0353618
0 0.42818 0.554276 0.0281433 0.0361842
0 0.942526 0.540707 0.0137061 0.0364583
0 0.246436 0.426946 0.0180921 0.0337171
0 0.933845 0.555373 0.0244883 0.0531798
0 0.235654 0.290296 0.0158991 0.029057
0 0.417763 0.462034 0.0204678 0.0353618
0 0.688871 0.528509 0.0166301 0.0411184
0 0.362573 0.387884 0.0179094 0.0208333
0 0.322277 0.475877 0.0213816 0.029057
0 0.859284 0.541255 0.0157164 0.0348136
0 0.476425 0.478755 0.0204678 0.0331689
0 0.0624086 0.276453 0.0140716 0.0260417
0 0.264894 0.275356 0.0155336 0.0320724
0 0.313962 0.438185 0.0204678 0.0430373
0 0.347679 0.487116 0.0210161 0.0405702
0 0.102522 0.388432 0.0149854 0.029057
0 0.0798611 0.554002 0.0307018 0.0301535
0 0.743969 0.464501 0.0160819 0.0391996
0 0.456597 0.398849 0.0166301 0.035636
0 0.62235 0.370751 0.0148026 0.0320724
0 0.226974 0.339364 0.0131579 0.0296053
0 0.121254 0.571272 0.0217471 0.026864
0 0.601425 0.447094 0.0193713 0.0389254
0 0.471674 0.537281 0.0146199 0.0328947
0 0.0591192 0.466283 0.0188231 0.0394737
0 0.556652 0.451617 0.0124269 0.0271382
0 0.820541 0.564419 0.0409357 0.0274123
0 0.00895468 0.542215 0.0175439 0.0405702
0 0.385874 0.572094 0.0243056 0.035636
0 0.609192 0.599918 0.0224781 0.0386513
0 0.717562 0.604304 0.0155336 0.0375548
0 0.356086 0.359923 0.0148026 0.0361842
0 0.230446 0.432018 0.0186404 0.0378289
0 0.503838 0.54386 0.0175439 0.0455044
0 0.286367 0.270833 0.0179094 0.0285088
0 0.786915 0.501645 0.0157164 0.0378289
0 0.335618 0.469024 0.032712 0.026864
0 0.309211 0.406387 0.0146199 0.0309759
0 0.497716 0.599644 0.0129751 0.0337171
0 0.224141 0.522889 0.0155336 0.0298794
0 0.0473319 0.443394 0.0219298 0.0419408
0 0.0941155 0.392133 0.0149854 0.0348136
0 0.735563 0.569764 0.0171784 0.0430373
0 0.765625 0.461075 0.0162646 0.0405702
0 0.25932 0.441475 0.0153509 0.0337171
0 0.426261 0.364309 0.0166301 0.0345395
0 0.64163 0.413377 0.0171784 0.0285088
0 0.660453 0.722039 0.0149854 0.0219298
0 0.166301 0.434211 0.0160819 0.0367325
0 0.706323 0.597999 0.0146199 0.0348136
0 0.720029 0.524671 0.0248538 0.033443
0 0.193531 0.563596 0.0299708 0.0400219
0 0.731634 0.502741 0.0180921 0.0466009
0 0.481086 0.430921 0.0166301 0.0350877
0 0.759046 0.621985 0.0162646 0.0372807
0 0.564419 0.555784 0.0385599 0.0370066
0 0.893458 0.595806 0.0146199 0.0309759
0 0.657072 0.479715 0.0184576 0.0328947
0 0.519189 0.402275 0.0168129 0.0386513
0 0.673702 0.413377 0.0140716 0.033443
0 0.96409 0.548657 0.0199196 0.0430373
0 0.736933 0.391173 0.030519 0.0224781
0 0.667306 0.4804 0.0133406 0.0331689
0 0.312409 0.366228 0.0191886 0.0317982
0 0.381488 0.460252 0.0180921 0.0394737
0 0.959338 0.432429 0.0206506 0.0408443
0 0.429916 0.525356 0.0148026 0.0271382
0 0.325658 0.529057 0.0182749 0.0345395
0 0.966557 0.425987 0.0146199 0.035636
0 0.926078 0.473547 0.0224781 0.0402961
0 0.730537 0.618147 0.0166301 0.0476974
0 0.0720029 0.447505 0.0149854 0.0386513
0 0.784265 0.643914 0.0210161 0.0400219
0 0.513158 0.453536 0.0171784 0.0370066
0 0.496893 0.563459 0.0168129 0.0402961
0 0.414382 0.409402 0.0155336 0.0375548
0 0.34905 0.289062 0.0142544 0.0238487
0 0.0882675 0.587308 0.0201023 0.0254934
0 0.303454 0.323465 0.0155336 0.0350877
0 0.847405 0.519737 0.0186404 0.0422149
0 0.0284174 0.445587 0.0158991 0.0375548
0 0.0727339 0.362253 0.0160819 0.0381031
0 0.374086 0.504249 0.0179094 0.0381031
0 0.803271 0.414611 0.0158991 0.0408443
0 0.0420322 0.421738 0.0197368 0.0402961
0 0.142178 0.56017 0.0292398 0.0304276
0 0.632584 0.375822 0.0144371 0.0328947
0 0.269463 0.379386 0.0173611 0.0361842
0 0.991868 0.504523 0.0162646 0.0337171
0 0.350786 0.272752 0.0162646 0.0307018
0 0.470577 0.353207 0.0153509 0.0353618
0 0.480994 0.369243 0.0186404 0.0372807
0 0.647935 0.47341 0.0195541 0.0372807
0 0.29121 0.382127 0.0195541 0.0378289
0 0.881031 0.58676 0.0233918 0.0419408
0 0.00804094 0.420641 0.0160819 0.0331689
0 0.58114 0.457374 0.0171784 0.0381031
0 0.60508 0.400905 0.0160819 0.0342654
0 0.607273 0.492599 0.0171784 0.0394737
0 0.381853 0.604167 0.0162646 0.0400219
0 0.135325 0.353893 0.0169956 0.03125
0 0.191429 0.421875 0.0191886 0.0427632
0 0.990954 0.27097 0.0180921 0.0337171
0 0.336623 0.412418 0.0197368 0.0370066
0 0.318074 0.351151 0.0140716 0.0339912
0 0.497167 0.376508 0.0162646 0.0381031
0 0.902595 0.570312 0.0186404 0.049068
0 0.242416 0.391859 0.0188231 0.0342654
0 0.257767 0.376782 0.0148026 0.0364583
0 0.252558 0.411595 0.0179094 0.0348136
0 0.745614 0.54619 0.0307018 0.044682
0 0.0651499 0.427906 0.0217471 0.0405702
0 0.916301 0.430921 0.0168129 0.0411184
0 0.220577 0.495203 0.0160819 0.0397478
0 0.197734 0.395422 0.0168129 0.0320724
0 0.186678 0.453947 0.0162646 0.0328947
0 0.66292 0.280702 0.0126096 0.026864
0 0.342105 0.544956 0.0157164 0.0411184
0 0.435673 0.453262 0.0179094 0.0364583
0 0.703216 0.481497 0.0222953 0.042489
0 0.236385 0.35403 0.0148026 0.0353618
0 0.748173 0.579221 0.0164474 0.0361842
0 0.397387 0.415981 0.0158991 0.0391996
0 0.108553 0.560581 0.0160819 0.0389254
0 0.708425 0.560033 0.0221126 0.0482456
0 0.576389 0.494518 0.0175439 0.0405702
0 0.529331 0.48835 0.0308845 0.0233004
0 0.619974 0.603893 0.0235746 0.0416667
0 0.797515 0.528235 0.0179094 0.0422149
0 0.703673 0.426809 0.0224781 0.0378289
0 0.593293 0.569216 0.0155336 0.0364583
0 0.425621 0.512473 0.0307018 0.0348136
0 0.196637 0.497533 0.0157164 0.0339912
0 0.177814 0.371436 0.0168129 0.0389254
0 0.808205 0.503152 0.0184576 0.0353618
0 0.271016 0.5196 0.0266813 0.0474232
0 0.353527 0.540981 0.0162646 0.0402961
0 0.177266 0.52892 0.0149854 0.0342654
0 0.0592105 0.493695 0.0263158 0.0438596
0 0.498081 0.496848 0.0323465 0.0326206
0 0.592471 0.538103 0.0182749 0.0372807
0 0.691612 0.485197 0.0166301 0.0400219
0 0.654057 0.405976 0.0135234 0.0317982
0 0.38633 0.702714 0.0179094 0.0359101
0 0.302997 0.277823 0.0168129 0.0326206
0 0.465643 0.567297 0.0157164 0.0353618
0 0.10837 0.419134 0.0204678 0.0411184
0 0.440789 0.42818 0.0193713 0.0383772
0 0.797971 0.238213 0.0151681 0.033443
0 0.532072 0.387198 0.0155336 0.0353618
0 0.825567 0.600466 0.0184576 0.0402961
0 0.568805 0.446683 0.0188231 0.0413925
0 0.664565 0.519874 0.0169956 0.0364583
0 0.518914 0.361842 0.0169956 0.033443
0 0.675439 0.280976 0.0168129 0.0328947
0 0.637518 0.463816 0.0210161 0.0367325
0 0.147844 0.357319 0.0179094 0.0331689
0 0.432109 0.595806 0.0129751 0.0326206
0 0.491045 0.452988 0.0175439 0.0386513
0 0.225146 0.378975 0.0241228 0.0381031
0 0.208973 0.564282 0.0148026 0.0353618
0 0.343385 0.375959 0.0149854 0.0342654
0 0.640716 0.36239 0.0164474 0.033443
0 0.32447 0.578125 0.034174 0.0389254
0 0.0917398 0.427495 0.0179094 0.0386513
0 0.774214 0.629112 0.0199196 0.0416667
0 0.780519 0.229304 0.0175439 0.0353618
0 0.370249 0.370066 0.0171784 0.0416667
0 0.0494335 0.386239 0.0166301 0.0372807
0 0.903417 0.436952 0.0173611 0.0389254
0 0.213999 0.357045 0.0186404 0.0370066
0 0.0197368 0.410362 0.0164474 0.035636
0 0.812683 0.428591 0.0182749 0.0348136
0 0.546966 0.454633 0.0171784 0.0375548
0 0.725329 0.429825 0.0157164 0.0372807
0 0.509686 0.601562 0.0164474 0.046875
0 0.401407 0.376371 0.0235746 0.0296053
0 0.663651 0.429139 0.0177266 0.0402961
0 0.796144 0.570175 0.0191886 0.0405702
0 0.770194 0.518503 0.0184576 0.0457785
0 0.830409 0.528646 0.0168129 0.0359101
0 0.563596 0.478207 0.0175439 0.0359101
0 0.159174 0.361568 0.0164474 0.0378289
0 0.787372 0.238624 0.0129751 0.0315241
0 0.0589364 0.40392 0.0158991 0.0359101
0 0.776042 0.419956 0.025402 0.0389254
0 0.914291 0.559622 0.0179094 0.044682
0 0.536458 0.334293 0.0202851 0.0370066
0 0.529971 0.459567 0.0204678 0.0348136
0 0.168951 0.395285 0.0173611 0.0378289
0 0.586166 0.521107 0.0184576 0.0438596
0 0.321912 0.509594 0.0169956 0.0317982
0 0.775585 0.446957 0.0160819 0.0381031
0 0.576115 0.370614 0.0169956 0.035636
0 0.441795 0.544956 0.0162646 0.0455044
0 0.0806835 0.378701 0.0173611 0.0364583
0 0.642361 0.519052 0.0179094 0.0408443
0 0.691886 0.603481 0.0193713 0.0381031
0 0.793311 0.412966 0.0157164 0.0370066
0 0.485471 0.594846 0.0162646 0.0394737
0 0.218293 0.289611 0.0144371 0.0326206
0 0.281067 0.370888 0.0179094 0.0389254
0 0.119426 0.376096 0.0169956 0.0400219
0 0.330044 0.275905 0.0201023 0.0309759
0 0.248629 0.3554 0.0148026 0.0359101
0 0.874543 0.436129 0.0206506 0.0394737
0 0.298794 0.359786 0.0149854 0.0348136
0 0.554459 0.376096 0.0171784 0.0323465
