0 0.385375 0.3705 0.01725 0.025
0 0.8575 0.409833 0.0115 0.0216667
0 0.497 0.7105 0.0205 0.0303333
0 0.535 0.735667 0.036 0.0353333
0 0.472625 0.717333 0.02425 0.0313333
0 0.601125 0.509333 0.02525 0.0353333
0 0.5265 0.685667 0.0165 0.0206667
0 0.588375 0.513 0.01625 0.0373333
0 0.56575 0.678167 0.0205 0.0176667
0 0.499125 0.378833 0.01675 0.033
0 0.18025 0.475167 0.025 0.037
0 0.72625 0.468833 0.0215 0.0323333
0 0.133125 0.448167 0.02125 0.0323333
0 0.288 0.485833 0.02 0.0483333
0 0.590125 0.443667 0.02125 0.046
0 0.221875 0.479833 0.01925 0.0383333
0 0.4385 0.700833 0.024 0.0356667
0 0.68525 0.458667 0.043 0.036
0 0.500375 0.733333 0.02575 0.032
0 0.165375 0.2035 0.01325 0.0236667
0 0.600875 0.631833 0.02825 0.0303333
0 0.454 0.718833 0.022 0.043
0 0.402125 0.48 0.02575 0.0433333
0 0.972125 0.415333 0.02375 0.0366667
0 0.68075 0.479667 0.0385 0.0266667
0 0.509 0.6955 0.0245 0.0236667
0 0.466875 0.647 0.03125 0.0313333
0 0.187125 0.218333 0.02475 0.0206667
0 0.358875 0.4765 0.04275 0.0463333
0 0.799 0.494167 0.0205 0.0323333
0 0.564625 0.470333 0.01925 0.038
0 0.3825 0.353667 0.013 0.0273333
0 0.810875 0.512167 0.02075 0.0496667
0 0.15275 0.4375 0.035 0.023
0 0.536 0.577833 0.019 0.0476667
0 0.388875 0.494667 0.02175 0.0393333
0 0.4215 0.496833 0.0305 0.035
0 0.511 0.742333 0.026 0.036
0 0.413875 0.372833 0.02175 0.0383333
0 0.324125 0.3825 0.02525 0.0343333
0 0.017625 0.4475 0.02375 0.0316667
0 0.509 0.675333 0.024 0.0273333
0 0.54425 0.526 0.031 0.0386667
0 0.19175 0.473333 0.018 0.0366667
0 0.47775 0.761333 0.02 0.0313333
0 0.618 0.395667 0.018 0.0353333
0 0.83675 0.415333 0.0185 0.0413333
0 0.483 0.719833 0.015 0.0456667
0 0.89625 0.4015 0.026 0.029
0 0.648375 0.490667 0.01875 0.036
0 0.489 0.431667 0.0385 0.0273333
0 0.588375 0.6565 0.02425 0.041
0 0.11925 0.467833 0.018 0.037
0 0.698375 0.404 0.01675 0.038
0 0.567875 0.386167 0.01675 0.051
0 0.657125 0.372 0.02175 0.0393333
0 0.770875 0.512167 0.04125 0.0256667
0 0.508625 0.639167 0.03125 0.0243333
0 0.093 0.3665 0.0175 0.0416667
0 0.455625 0.393167 0.01825 0.0336667
0 0.494125 0.673 0.02025 0.0373333
0 0.781875 0.4915 0.01825 0.041
0 0.54225 0.379833 0.0185 0.037
0 0.958375 0.426167 0.01725 0.045
0 0.559125 0.3775 0.01675 0.033
0 0.985375 0.434 0.02075 0.0366667
0 0.508 0.377167 0.0175 0.0376667
0 0.51175 0.790167 0.0235 0.0396667
0 0.642 0.537 0.019 0.0346667
0 0.402625 0.6685 0.02325 0.023
0 0.1375 0.471833 0.0225 0.0443333
0 0.2835 0.38 0.022 0.04
0 0.675125 0.385167 0.03275 0.0256667
0 0.52325 0.659167 0.02 0.0283333
0 0.419 0.392333 0.0155 0.028
0 0.782875 0.444167 0.01825 0.039
0 0.4475 0.681167 0.0185 0.0376667
0 0.448 0.363167 0.0165 0.0356667
0 0.642125 0.404667 0.01625 0.0333333
0 0.808625 0.418667 0.02575 0.05
0 0.2485 0.487333 0.0215 0.0393333
0 0.237 0.352667 0.017 0.0366667
0 0.53225 0.282167 0.023 0.021
0 0.627875 0.429667 0.01725 0.0326667
0 0.612875 0.5185 0.01725 0.0343333
0 0.768625 0.408167 0.01875 0.037
0 0.545875 0.503 0.02925 0.0373333
0 0.3515 0.373333 0.0155 0.0306667
0 0.171125 0.462167 0.02625 0.0436667
0 0.193875 0.375833 0.01575 0.037
0 0.66125 0.496333 0.0175 0.0353333
0 0.548 0.405167 0.0185 0.035
0 0.12775 0.335167 0.03 0.0323333
0 0.108625 0.467167 0.01875 0.0356667
0 0.580625 0.384333 0.01625 0.038
0 0.49875 0.270167 0.0165 0.0296667
0 0.48775 0.479667 0.024 0.0386667
0 0.471 0.501833 0.017 0.043
0 0.3645 0.3785 0.019 0.033
0 0.162125 0.3625 0.01975 0.0403333
0 0.458 0.7645 0.0235 0.047
0 0.57475 0.5205 0.026 0.039
0 0.442125 0.383667 0.01725 0.0386667
0 0.51825 0.376 0.015 0.0326667
0 0.107625 0.446667 0.03725 0.0333333
0 0.157 0.328833 0.035 0.0283333
0 0.65425 0.41 0.0135 0.038
0 0.84975 0.407667 0.019 0.0373333
0 0.394 0.470833 0.0155 0.0323333
0 0.027 0.212 0.02 0.0146667
0 0.258125 0.354167 0.01975 0.0443333
0 0.4735 0.3805 0.0165 0.0356667
0 0.153 0.472167 0.0195 0.0396667
0 0.375875 0.369667 0.01725 0.036
0 0.5295 0.385 0.0155 0.0366667
0 0.797375 0.435667 0.01675 0.044
0 0.735 0.407167 0.032 0.0216667
0 0.548875 0.3705 0.01325 0.0283333
0 0.57575 0.778833 0.018 0.0363333
0 0.203625 0.479333 0.01625 0.0393333
0 0.52625 0.504667 0.034 0.0366667
0 0.430375 0.377167 0.01625 0.0363333
0 0.212875 0.463833 0.01575 0.033
0 0.48075 0.357333 0.0125 0.0246667
0 0.208875 0.375667 0.01675 0.0366667
0 0.78025 0.407 0.017 0.0373333
0 0.394375 0.353667 0.01425 0.0273333
0 0.302875 0.369167 0.01775 0.0363333
0 0.680125 0.4025 0.02475 0.0383333
0 0.1475 0.351833 0.027 0.0196667
0 0.3975 0.375667 0.0205 0.036
0 0.8755 0.414333 0.0205 0.038
0 0.32575 0.357333 0.03 0.0306667
0 0.609125 0.386833 0.01925 0.0336667
0 0.486125 0.384833 0.01825 0.0356667
0 0.753875 0.399333 0.01675 0.0353333
0 0.275 0.4825 0.017 0.039
0 0.631375 0.488167 0.01725 0.0343333
0 0.50825 0.450833 0.0185 0.043
0 0.459875 0.363333 0.01475 0.0333333
0 0.508875 0.51 0.01625 0.0373333
0 0.175125 0.375667 0.01675 0.036
0 0.61575 0.422667 0.034 0.0286667
0 0.458375 0.494833 0.01675 0.0376667
0 0.486375 0.508667 0.01625 0.0373333
0 0.3085 0.613833 0.038 0.0336667
0 0.2305 0.49 0.018 0.0373333
0 0.096 0.429167 0.0295 0.0396667
0 0.5915 0.390333 0.017 0.036
0 0.64575 0.436333 0.022 0.0373333
