0 0.736385 0.617873 0.0107822 0.0213816
0 0.340004 0.547697 0.00822368 0.0142544
0 0.749909 0.55455 0.0144371 0.0224781
0 0.665479 0.513706 0.0111477 0.0148026
0 0.802266 0.364446 0.0186404 0.015625
0 0.0400219 0.627056 0.0241228 0.0161732
0 0.965735 0.543174 0.0232091 0.0216557
0 0.317617 0.584978 0.0109649 0.0202851
0 0.634868 0.606771 0.00986842 0.020011
0 0.396656 0.528783 0.0155336 0.0191886
0 0.215278 0.556469 0.00877193 0.0148026
0 0.176444 0.576754 0.0133406 0.0164474
0 0.711897 0.505345 0.0104167 0.020011
0 0.701937 0.639529 0.0113304 0.0197368
0 0.0740132 0.543723 0.0102339 0.017818
0 0.768549 0.613624 0.0144371 0.0315241
0 0.439693 0.505482 0.00877193 0.0153509
0 0.196637 0.5625 0.0164474 0.0202851
0 0.251462 0.594846 0.0168129 0.0191886
0 0.29651 0.528646 0.0148026 0.020011
0 0.530519 0.58909 0.0105994 0.0208333
0 0.714547 0.596491 0.0131579 0.0131579
0 0.548428 0.522615 0.0105994 0.013432
0 0.259229 0.380757 0.0210161 0.0158991
0 0.701023 0.595258 0.0157164 0.0222039
0 0.532255 0.564556 0.0111477 0.0161732
0 0.0678911 0.409539 0.00785819 0.0137061
0 0.697917 0.618147 0.0102339 0.0202851
0 0.192434 0.530428 0.00913743 0.0164474
0 0.609558 0.576754 0.0100512 0.0175439
0 0.0427632 0.451069 0.00986842 0.013432
0 0.663834 0.538925 0.0177266 0.0191886
0 0.212628 0.51864 0.0162646 0.0131579
0 0.26197 0.513843 0.0169956 0.0145285
0 0.179459 0.539611 0.0113304 0.017818
0 0.245705 0.572917 0.0107822 0.0186404
0 0.389072 0.496162 0.0179094 0.0208333
0 0.493604 0.577303 0.0109649 0.0186404
0 0.920413 0.488487 0.0151681 0.0307018
0 0.348593 0.506031 0.0151681 0.0153509
0 0.468293 0.56017 0.0180921 0.0167215
0 0.53125 0.513569 0.00877193 0.015625
0 0.391082 0.592654 0.0179094 0.0175439
0 0.568805 0.553728 0.0158991 0.0213816
0 0.673885 0.497533 0.0107822 0.0153509
0 0.759046 0.650219 0.0239401 0.0230263
0 0.745157 0.617873 0.0107822 0.0235746
0 0.818348 0.572643 0.0105994 0.0158991
0 0.704496 0.572231 0.0105994 0.017818
0 0.701572 0.514529 0.0204678 0.0164474
0 0.279605 0.485746 0.0124269 0.0126096
0 0.565424 0.530702 0.0109649 0.0148026
0 0.349141 0.552357 0.0162646 0.0131579
0 0.433936 0.563322 0.0107822 0.0230263
0 0.856908 0.622533 0.0270468 0.0202851
0 0.184028 0.52193 0.0102339 0.0197368
0 0.706871 0.609923 0.0105994 0.0208333
0 0.339821 0.517955 0.00895468 0.015625
0 0.376005 0.517681 0.0180921 0.0183662
0 0.701663 0.496436 0.0162646 0.0191886
0 0.698739 0.55551 0.0107822 0.0194627
0 0.906341 0.568257 0.0221126 0.0153509
0 0.375274 0.537555 0.0137061 0.0208333
0 0.381396 0.484375 0.0179094 0.0104167
0 0.376827 0.555647 0.0219298 0.0142544
0 0.737116 0.379934 0.00822368 0.0158991
0 0.131213 0.571683 0.0153509 0.0139803
0 0.00484284 0.610197 0.00968567 0.0208333
0 0.206414 0.546875 0.0184576 0.0142544
0 0.13167 0.526727 0.0107822 0.0194627
0 0.250365 0.621299 0.0222953 0.0260417
0 0.781981 0.58443 0.0109649 0.0169956
0 0.93019 0.540022 0.0179094 0.0246711
0 0.874726 0.604304 0.0206506 0.0249452
0 0.612939 0.554002 0.0146199 0.0197368
0 0.20943 0.493421 0.0182749 0.0131579
0 0.725512 0.500548 0.0127924 0.026864
0 0.654879 0.590186 0.0104167 0.0186404
0 0.573648 0.596765 0.0116959 0.0230263
0 0.451846 0.544956 0.0151681 0.0202851
0 0.398483 0.547286 0.0111477 0.0167215
0 0.362116 0.522478 0.0151681 0.0137061
0 0.142635 0.526316 0.0137061 0.0137061
0 0.262244 0.572505 0.0113304 0.017818
0 0.112116 0.450658 0.00932018 0.0142544
0 0.328856 0.542626 0.00968567 0.0161732
0 0.675621 0.627741 0.0190058 0.033443
0 0.685033 0.575932 0.0155336 0.0169956
0 0.676261 0.597039 0.0137061 0.0191886
0 0.270468 0.547697 0.0102339 0.0202851
0 0.845303 0.555236 0.0122442 0.0243969
0 0.106908 0.405565 0.00804094 0.0145285
0 0.139803 0.538925 0.0197368 0.0148026
0 0.854989 0.568805 0.0126096 0.0224781
0 0.322917 0.493147 0.0102339 0.0202851
0 0.337171 0.606908 0.0241228 0.0175439
0 0.646107 0.589775 0.0100512 0.017818
0 0.359466 0.534677 0.0109649 0.0161732
0 0.548885 0.597725 0.0104167 0.0189145
0 0.506853 0.620477 0.0148026 0.0211075
0 0.0259503 0.442571 0.0116959 0.0123355
0 0.5911 0.562637 0.0137061 0.0222039
0 0.162189 0.58114 0.0118787 0.0219298
0 0.637153 0.585115 0.0104167 0.0194627
0 0.559393 0.542626 0.0160819 0.0139803
0 0.493147 0.626919 0.0122442 0.0230263
0 0.195906 0.518229 0.00986842 0.0172697
0 0.690698 0.53824 0.0166301 0.0205592
0 0.11705 0.612253 0.0202851 0.0265899
0 0.392452 0.51398 0.0133406 0.0191886
0 0.281433 0.563734 0.0124269 0.0145285
0 0.730994 0.579907 0.00986842 0.0211075
0 0.00986842 0.447231 0.00877193 0.0139803
0 0.41091 0.614035 0.0126096 0.0252193
0 0.53792 0.55222 0.0166301 0.0139803
0 0.976791 0.488487 0.0226608 0.0197368
0 0.562683 0.510143 0.00986842 0.0169956
0 0.11303 0.518366 0.0104167 0.0180921
0 0.320632 0.539062 0.0104167 0.0183662
0 0.398118 0.569627 0.0148026 0.0246711
0 0.0702668 0.580455 0.0173611 0.0211075
0 0.607822 0.52193 0.0131579 0.0191886
0 0.506853 0.597725 0.0107822 0.0222039
0 0.204587 0.509868 0.0169956 0.0120614
0 0.536184 0.537555 0.0131579 0.0208333
0 0.167672 0.534539 0.0173611 0.0158991
0 0.195541 0.580318 0.0146199 0.0191886
0 0.664291 0.559485 0.0102339 0.0219298
0 0.292946 0.564419 0.00913743 0.0175439
0 0.151955 0.501096 0.0232091 0.0158991
0 0.417124 0.536732 0.0144371 0.0241228
0 0.254112 0.560581 0.0104167 0.0197368
0 0.156615 0.535088 0.00950292 0.0175439
0 0.282072 0.611157 0.0169956 0.0298794
0 0.112573 0.570861 0.0208333 0.0222039
0 0.0707237 0.564282 0.00877193 0.0172697
0 0.6536 0.496711 0.0129751 0.0169956
0 0.0563779 0.417078 0.00822368 0.0161732
0 0.184759 0.593065 0.0105994 0.020011
0 0.440789 0.58813 0.0149854 0.0254934
0 0.571272 0.510554 0.00986842 0.0172697
0 0.1875 0.551535 0.0182749 0.0115132
0 0.500914 0.5429 0.0102339 0.0189145
0 0.426718 0.598136 0.0105994 0.0202851
0 0.453582 0.589227 0.0102339 0.0205592
0 0.279423 0.575932 0.0175439 0.0126096
0 0.301809 0.560581 0.0100512 0.0175439
0 0.212445 0.71409 0.0228436 0.0285088
0 0.524854 0.536595 0.0138889 0.0216557
0 0.725969 0.559759 0.00932018 0.0180921
0 0.47542 0.583882 0.0144371 0.0279605
0 0.465552 0.577577 0.0100512 0.0191886
0 0.0285088 0.642407 0.0193713 0.0145285
0 0.187226 0.500959 0.00968567 0.017818
0 0.626005 0.597177 0.0126096 0.0227522
0 0.27924 0.629249 0.0146199 0.0161732
0 0.581871 0.57278 0.0102339 0.020011
0 0.540113 0.517955 0.0115132 0.0128838
0 0.892909 0.545504 0.0186404 0.0274123
0 0.0601243 0.664337 0.0142544 0.0315241
0 0.239583 0.597039 0.0109649 0.0230263
0 0.0902778 0.571957 0.0175439 0.0117873
0 0.506396 0.521245 0.0237573 0.0233004
0 0.845943 0.51398 0.0116959 0.0191886
0 0.45349 0.570175 0.0155336 0.0257675
0 0.764346 0.580729 0.0129751 0.0271382
0 0.379386 0.580455 0.0219298 0.0260417
0 0.29386 0.580181 0.0190058 0.0194627
0 0.413743 0.563596 0.0127924 0.0241228
0 0.27924 0.547286 0.0102339 0.0189145
0 0.387153 0.538788 0.00968567 0.017818
0 0.284174 0.518366 0.0102339 0.0213816
0 0.593385 0.513432 0.0124269 0.0219298
0 0.0794956 0.560855 0.0102339 0.0191886
0 0.351334 0.484512 0.0126096 0.0123355
0 0.168494 0.517407 0.0102339 0.0194627
0 0.182749 0.63898 0.0131579 0.033443
0 0.523666 0.514666 0.00932018 0.0167215
0 0.657438 0.605126 0.0173611 0.020011
0 0.723045 0.58443 0.0100512 0.0197368
0 0.46345 0.602385 0.0120614 0.0243969
0 0.958973 0.509183 0.0155336 0.0304276
0 0.595395 0.530291 0.0157164 0.0139803
0 0.49534 0.601562 0.0104167 0.0205592
0 0.465278 0.54756 0.00913743 0.017818
0 0.823008 0.542352 0.0158991 0.0216557
0 0.0917398 0.554413 0.0127924 0.0238487
0 0.54258 0.639529 0.0248538 0.0175439
0 0.535453 0.622533 0.0116959 0.0230263
0 0.321272 0.56812 0.0135234 0.0172697
0 0.478984 0.556058 0.00950292 0.0183662
0 0.802357 0.57278 0.0137061 0.0265899
0 0.701663 0.530702 0.0107822 0.0186404
0 0.556743 0.52659 0.00932018 0.0175439
0 0.437865 0.609375 0.0160819 0.0169956
0 0.339821 0.534402 0.00968567 0.0194627
0 0.676626 0.530428 0.0166301 0.0148026
0 0.224141 0.555784 0.0133406 0.0238487
0 0.939876 0.469161 0.0193713 0.0249452
0 0.641721 0.539885 0.0155336 0.0227522
0 0.857182 0.595806 0.0199196 0.0260417
0 0.676261 0.517818 0.0155336 0.0158991
0 0.712354 0.631305 0.0142544 0.0323465
0 0.276499 0.589364 0.0153509 0.0175439
0 0.580683 0.547423 0.0151681 0.0257675
0 0.482273 0.605948 0.0109649 0.0205592
0 0.938414 0.510554 0.0222953 0.0216557
0 0.0783991 0.529879 0.0120614 0.0186404
0 0.921144 0.568257 0.0144371 0.0241228
0 0.018549 0.574013 0.0122442 0.0235746
0 0.412463 0.505482 0.00877193 0.0175439
0 0.473776 0.625685 0.0111477 0.0233004
0 0.993695 0.447094 0.0100512 0.0197368
0 0.199836 0.696135 0.0199196 0.0243969
0 0.453034 0.608964 0.0146199 0.0293311
0 0.149123 0.552632 0.0109649 0.0208333
0 0.104349 0.526179 0.0142544 0.020011
0 0.54258 0.575795 0.0127924 0.0287829
0 0.221126 0.509868 0.0102339 0.0191886
0 0.0802266 0.635143 0.0277778 0.0230263
0 0.228893 0.496436 0.0129751 0.0142544
0 0.917946 0.518914 0.0241228 0.0191886
0 0.689419 0.596628 0.0133406 0.0315241
0 0.657255 0.526042 0.0210161 0.0148026
0 0.262244 0.55551 0.0102339 0.0205592
0 0.51526 0.551946 0.00968567 0.0183662
0 0.87765 0.542489 0.0173611 0.0235746
0 0.509594 0.538514 0.00968567 0.0183662
0 0.173611 0.48835 0.0175439 0.0123355
0 0.110289 0.543586 0.00968567 0.0180921
0 0.715552 0.564419 0.00968567 0.0186404
0 0.912463 0.584019 0.0204678 0.0172697
0 0.339364 0.627741 0.0226608 0.0279605
0 0.715643 0.609923 0.00986842 0.0191886
0 0.714821 0.53824 0.0129751 0.0238487
0 0.262153 0.49767 0.0104167 0.0216557
0 0.307566 0.531661 0.0105994 0.0194627
0 0.442617 0.555921 0.0109649 0.0224781
0 0.367873 0.606634 0.0131579 0.0307018
0 0.582602 0.593476 0.0105994 0.0197368
0 0.242873 0.535362 0.00950292 0.0197368
0 0.121345 0.54756 0.0116959 0.0211075
0 0.836988 0.612527 0.0164474 0.0337171
0 0.737299 0.563596 0.0133406 0.0180921
0 0.352796 0.586075 0.0118787 0.0241228
0 0.385325 0.613761 0.0173611 0.0274123
0 0.768823 0.563734 0.0179094 0.0167215
0 0.335069 0.492188 0.0158991 0.0216557
0 0.407895 0.548109 0.0116959 0.0222039
0 0.3125 0.547423 0.0105994 0.0213816
0 0.401042 0.6017 0.0107822 0.0219298
0 0.279879 0.501645 0.0107822 0.0208333
0 0.331049 0.521382 0.0137061 0.026864
0 0.4322 0.502056 0.00913743 0.0172697
0 0.487208 0.559622 0.0105994 0.0205592
0 0.429642 0.517407 0.00986842 0.017818
0 0.248538 0.493558 0.0109649 0.0216557
0 0.554368 0.56812 0.0126096 0.0205592
0 0.43951 0.642955 0.0113304 0.0260417
0 0.343476 0.563871 0.0169956 0.0158991
0 0.221491 0.530565 0.0160819 0.0205592
0 0.123173 0.592928 0.00913743 0.0186404
0 0.676535 0.555373 0.0197368 0.0153509
0 0.8178 0.587993 0.0105994 0.0208333
0 0.208242 0.571272 0.0151681 0.0246711
0 0.645559 0.567845 0.00895468 0.017818
0 0.664839 0.588405 0.0135234 0.0293311
0 0.685033 0.502604 0.0115132 0.0222039
0 0.548063 0.621848 0.0153509 0.0282346
0 0.487116 0.536047 0.0155336 0.0276864
0 0.862847 0.546738 0.0148026 0.0238487
0 0.300987 0.509868 0.00877193 0.0175439
0 0.889803 0.57182 0.0124269 0.0263158
0 0.632858 0.515488 0.0120614 0.0233004
0 0.870888 0.580181 0.0162646 0.0276864
0 0.159448 0.555784 0.0111477 0.0233004
0 0.362847 0.585526 0.0104167 0.0202851
0 0.787281 0.60074 0.0131579 0.0249452
0 0.246162 0.518366 0.0102339 0.0191886
0 0.421601 0.506442 0.0109649 0.0211075
0 0.0601243 0.638021 0.0186404 0.0353618
0 0.80117 0.54756 0.00986842 0.020011
0 0.306469 0.496573 0.00986842 0.0194627
0 0.224689 0.616365 0.0180921 0.0326206
0 0.520468 0.598136 0.0160819 0.026864
0 0.830044 0.521382 0.0157164 0.0208333
0 0.259503 0.526316 0.0109649 0.0169956
0 0.333516 0.587719 0.0193713 0.0252193
0 0.802723 0.595943 0.0151681 0.026864
0 0.754477 0.483964 0.0104167 0.0216557
0 0.201846 0.531113 0.0144371 0.020011
0 0.723227 0.442434 0.00822368 0.0169956
0 0.643001 0.613487 0.0115132 0.0252193
0 0.598227 0.547697 0.0118787 0.0241228
0 0.520833 0.57648 0.0116959 0.0246711
0 0.712537 0.580729 0.00986842 0.0194627
0 0.601517 0.568668 0.0107822 0.0227522
0 0.321546 0.60403 0.0140716 0.0238487
0 0.407072 0.518366 0.0115132 0.0219298
0 0.412463 0.59375 0.0120614 0.0246711
0 0.15095 0.518092 0.00986842 0.0202851
0 0.2733 0.522478 0.0126096 0.0208333
0 0.315515 0.502056 0.00968567 0.0189145
0 0.134594 0.509731 0.0107822 0.0205592
0 0.239857 0.496985 0.00968567 0.0191886
0 0.425439 0.555784 0.0124269 0.0254934
0 0.592928 0.585252 0.0122442 0.0257675
0 0.830958 0.462719 0.0127924 0.0230263
0 0.359923 0.563322 0.0155336 0.0191886
0 0.187774 0.617736 0.0115132 0.0227522
0 0.448282 0.521382 0.0120614 0.029057
0 0.757219 0.626234 0.0144371 0.0320724
0 0.170504 0.596354 0.0164474 0.0315241
0 0.265077 0.593202 0.0140716 0.03125
0 0.601974 0.601151 0.0131579 0.0279605
0 0.785636 0.559073 0.0135234 0.0249452
0 0.809028 0.55551 0.0102339 0.0222039
0 0.23136 0.513432 0.0142544 0.0263158
0 0.835983 0.579221 0.0206506 0.0235746
0 0.1017 0.551124 0.0115132 0.0233004
0 0.626827 0.576891 0.0105994 0.0205592
0 0.775676 0.596902 0.0107822 0.0238487
0 0.159357 0.517544 0.00950292 0.0202851
0 0.735106 0.504797 0.0104167 0.0222039
0 0.140534 0.60403 0.0153509 0.0326206
0 0.910088 0.537829 0.0193713 0.0224781
0 0.959338 0.471217 0.0191886 0.0285088
0 0.309942 0.514254 0.0102339 0.0202851
0 0.0740132 0.654468 0.0190058 0.0243969
0 0.42087 0.576206 0.00986842 0.0208333
0 0.126371 0.430099 0.00895468 0.0186404
0 0.224141 0.58909 0.0118787 0.0219298
0 0.537098 0.601151 0.0120614 0.0213816
0 0.738487 0.642544 0.0146199 0.0323465
0 0.123538 0.518914 0.0109649 0.0235746
0 0.34841 0.526453 0.0115132 0.0243969
0 0.404057 0.501508 0.00986842 0.0194627
0 0.729349 0.630482 0.0113304 0.0235746
0 0.739309 0.588542 0.0129751 0.0301535
0 0.150585 0.586623 0.0171784 0.03125
0 0.865223 0.487802 0.0232091 0.0216557
0 0.782164 0.527138 0.0233918 0.0208333
0 0.706689 0.551261 0.00986842 0.0208333
0 0.234558 0.535088 0.0111477 0.0235746
0 0.23867 0.64131 0.0182749 0.0309759
0 0.652047 0.635554 0.0142544 0.0276864
0 0.376371 0.501508 0.0104167 0.0211075
0 0.458516 0.630345 0.0153509 0.0282346
0 0.78591 0.50466 0.0126096 0.0252193
0 0.287555 0.543311 0.0111477 0.0235746
0 0.0190972 0.595943 0.0239401 0.0339912
0 0.398575 0.639666 0.0153509 0.0348136
0 0.429276 0.626234 0.0131579 0.0287829
0 0.975694 0.469572 0.0171784 0.0274123
0 0.504751 0.572231 0.0113304 0.0233004
0 0.548702 0.539337 0.0115132 0.0243969
0 0.465826 0.529742 0.0131579 0.0238487
0 0.990406 0.472451 0.0111477 0.0238487
0 0.572003 0.626919 0.0138889 0.03125
0 0.896016 0.512747 0.0204678 0.0222039
0 0.655245 0.563185 0.0122442 0.0260417
0 0.628929 0.534951 0.0100512 0.0205592
0 0.0314327 0.570587 0.0160819 0.0282346
0 0.293311 0.50932 0.0105994 0.0235746
0 0.170413 0.563048 0.0158991 0.0219298
0 0.876827 0.513706 0.0208333 0.0257675
0 0.823556 0.559348 0.0210161 0.0194627
0 0.674525 0.576754 0.0113304 0.0241228
0 0.309759 0.597039 0.0120614 0.0257675
0 0.573374 0.576343 0.0100512 0.0216557
0 0.824927 0.608004 0.0142544 0.0307018
0 0.643001 0.517955 0.0100512 0.0216557
0 0.265716 0.637473 0.0149854 0.0342654
0 0.748538 0.57648 0.0102339 0.0219298
0 0.271107 0.496573 0.0111477 0.0238487
0 0.671875 0.404879 0.0148026 0.0246711
0 0.782529 0.622396 0.0116959 0.0238487
0 0.943988 0.541941 0.0155336 0.03125
0 0.361933 0.505208 0.0111477 0.0257675
0 0.237482 0.556332 0.0111477 0.0243969
0 0.476425 0.529742 0.0105994 0.0222039
0 0.0647844 0.548794 0.0140716 0.0296053
0 0.521838 0.626919 0.0173611 0.0307018
0 0.725238 0.604989 0.0115132 0.0246711
0 0.838176 0.496573 0.0111477 0.0227522
0 0.497259 0.652961 0.0186404 0.0328947
0 0.0873538 0.534539 0.0102339 0.0224781
0 0.770468 0.496162 0.0135234 0.0285088
0 0.608279 0.63062 0.0133406 0.0309759
0 0.480355 0.660499 0.0162646 0.0375548
0 0.317526 0.629934 0.0184576 0.0345395
0 0.691064 0.634457 0.0148026 0.0331689
0 0.617964 0.526727 0.0111477 0.0233004
0 0.208516 0.604989 0.0175439 0.0317982
0 0.0465095 0.645696 0.0148026 0.0304276
0 0.565424 0.584978 0.0105994 0.0230263
0 0.176626 0.51398 0.0100512 0.0219298
0 0.615497 0.610334 0.0109649 0.0243969
0 0.158626 0.604167 0.0113304 0.0279605
0 0.4322 0.534814 0.0124269 0.0274123
0 0.453034 0.663377 0.0197368 0.03125
0 0.301626 0.629523 0.0206506 0.0337171
0 0.751553 0.601014 0.0111477 0.0249452
0 0.516082 0.650082 0.0175439 0.0309759
0 0.588542 0.61705 0.0173611 0.0252193
0 0.62966 0.63062 0.0148026 0.0348136
0 0.582145 0.518092 0.0104167 0.0224781
0 0.559759 0.62966 0.0131579 0.0317982
0 0.642909 0.659402 0.0171784 0.0287829
0 0.760874 0.541941 0.0199196 0.0213816
0 0.796601 0.487116 0.0182749 0.03125
0 0.419499 0.646107 0.0173611 0.03125
0 0.164656 0.644737 0.0175439 0.0361842
0 0.355263 0.629523 0.0146199 0.0331689
0 0.632401 0.55551 0.0137061 0.0249452
0 0.08178 0.58813 0.0129751 0.0315241
0 0.732273 0.529194 0.0127924 0.0282346
0 0.099598 0.592105 0.0142544 0.0328947
0 0.804916 0.621573 0.0206506 0.0331689
0 0.782164 0.396382 0.0146199 0.03125
0 0.907895 0.483827 0.0164474 0.0317982
0 0.703673 0.609238 0.0246711 0.0304276
0 0.273392 0.625959 0.0263158 0.0326206
0 0.192891 0.502056 0.0133406 0.0139803
0 0.638889 0.522478 0.0230263 0.0274123
0 0.213359 0.686266 0.0188231 0.0227522
0 0.818713 0.452166 0.0303363 0.0189145
0 0.323648 0.530976 0.00804094 0.0137061
0 0.384229 0.588816 0.0195541 0.0197368
0 0.560581 0.526316 0.0228436 0.026864
0 0.529971 0.543997 0.0149854 0.020011
0 0.306652 0.525905 0.0226608 0.0276864
0 0.372624 0.52659 0.0230263 0.026864
0 0.438596 0.524671 0.0233918 0.029057
0 0.223501 0.538925 0.00986842 0.0153509
0 0.136513 0.526316 0.0241228 0.0296053
0 0.285727 0.597177 0.0155336 0.0254934
0 0.659722 0.54386 0.0149854 0.0115132
0 0.917946 0.578399 0.0241228 0.0378289
0 0.685033 0.544408 0.0235746 0.029057
0 0.293037 0.611979 0.026133 0.0337171
0 0.347862 0.497122 0.0166301 0.0183662
0 0.628381 0.525219 0.0228436 0.0274123
0 0.716192 0.609923 0.0230263 0.0279605
0 0.293403 0.561815 0.0232091 0.0276864
0 0.493787 0.576891 0.0244883 0.0304276
0 0.817434 0.575247 0.0233918 0.0287829
0 0.593293 0.522752 0.0111477 0.0137061
0 0.140351 0.547834 0.0105994 0.0172697
0 0.486933 0.634731 0.0104167 0.0216557
0 0.934759 0.488898 0.0201023 0.0161732
0 0.303911 0.559073 0.0230263 0.0276864
0 0.280519 0.575247 0.0241228 0.0293311
0 0.716283 0.590186 0.0224781 0.0274123
0 0.707054 0.576206 0.0222953 0.0279605
0 0.438505 0.574973 0.0243056 0.0304276
0 0.768001 0.54386 0.0235746 0.0367325
0 0.293403 0.501096 0.0177266 0.0235746
0 0.42617 0.594024 0.0244883 0.0307018
0 0.398575 0.576617 0.00950292 0.0161732
0 0.238487 0.527549 0.0237573 0.0304276
0 0.359649 0.540844 0.0230263 0.026864
0 0.203856 0.555921 0.00822368 0.0137061
0 0.225603 0.505345 0.0155336 0.0216557
0 0.149306 0.524534 0.0226608 0.0276864
0 0.412189 0.622396 0.0250365 0.0331689
0 0.176261 0.54756 0.0118787 0.013432
0 0.521107 0.522615 0.00858918 0.0150768
0 0.149214 0.544271 0.0243056 0.0298794
0 0.689876 0.551535 0.00913743 0.0142544
0 0.193074 0.561266 0.0232091 0.0282346
0 0.115406 0.535362 0.00895468 0.0158991
0 0.726425 0.561129 0.0219298 0.026864
0 0.626096 0.605948 0.00986842 0.017818
0 0.695724 0.564282 0.0102339 0.0145285
0 0.435398 0.509868 0.0210161 0.0246711
0 0.125822 0.450932 0.00822368 0.0153509
0 0.573922 0.528509 0.0148026 0.0175439
0 0.147844 0.510828 0.0131579 0.0189145
0 0.268732 0.515762 0.0162646 0.0233004
0 0.248812 0.523026 0.0232091 0.029057
0 0.559393 0.57744 0.0244883 0.0320724
0 0.183662 0.510965 0.0208333 0.026864
0 0.493147 0.607319 0.0239401 0.0298794
0 0.272295 0.543997 0.0230263 0.0287829
0 0.239857 0.60403 0.0235746 0.0326206
0 0.181926 0.574973 0.0243056 0.0315241
0 0.604624 0.560855 0.0235746 0.03125
0 0.115771 0.557155 0.0239401 0.0304276
0 0.424159 0.574973 0.0237573 0.0304276
0 0.390168 0.527001 0.00877193 0.0150768
0 0.951298 0.495614 0.0232091 0.0317982
0 0.0905519 0.575521 0.0224781 0.0287829
0 0.40625 0.508772 0.0211988 0.0263158
0 0.39629 0.539062 0.0151681 0.020011
0 0.45678 0.530565 0.0118787 0.0194627
0 0.325567 0.577303 0.0239401 0.03125
0 0.370066 0.544271 0.0135234 0.017818
0 0.28792 0.560444 0.00895468 0.0150768
0 0.461349 0.540296 0.0228436 0.0301535
0 0.926535 0.56017 0.0241228 0.0194627
0 0.690881 0.570587 0.0155336 0.0205592
0 0.460069 0.56483 0.00895468 0.0161732
0 0.256762 0.589227 0.0135234 0.0150768
0 0.40561 0.557566 0.0232091 0.0307018
0 0.38496 0.523163 0.0115132 0.0150768
0 0.637061 0.591831 0.0226608 0.0285088
0 0.251279 0.508224 0.0204678 0.0285088
0 0.340004 0.547697 0.00822368 0.0142544
0 0.580501 0.574698 0.0224781 0.0287829
0 0.637061 0.571957 0.0222953 0.0293311
0 0.159631 0.591831 0.0239401 0.0345395
0 0.184576 0.543311 0.0105994 0.0126096
0 0.991502 0.457922 0.0169956 0.0282346
0 0.317434 0.507538 0.0197368 0.0276864
0 0.160453 0.542626 0.0230263 0.0293311
0 0.159722 0.510691 0.0219298 0.0285088
0 0.802266 0.364446 0.0186404 0.015625
0 0.260143 0.556743 0.0228436 0.0301535
0 0.246345 0.587445 0.0193713 0.0219298
0 0.652869 0.595258 0.0133406 0.0227522
0 0.282255 0.523575 0.0217471 0.0274123
0 0.725969 0.513569 0.0162646 0.0128838
0 0.0934759 0.542763 0.0221126 0.0301535
0 0.965735 0.543174 0.0232091 0.0216557
0 0.259046 0.579084 0.0158991 0.0211075
0 0.315058 0.519326 0.0142544 0.0222039
0 0.340004 0.497122 0.0118787 0.0128838
0 0.649854 0.572368 0.0219298 0.029057
0 0.243056 0.560444 0.00877193 0.015625
0 0.396656 0.528783 0.0155336 0.0191886
0 0.193896 0.589775 0.0230263 0.0309759
0 0.134503 0.530702 0.00950292 0.0153509
0 0.112208 0.593065 0.0197368 0.0150768
0 0.50466 0.542352 0.0210161 0.0282346
0 0.626462 0.605674 0.0222953 0.0298794
0 0.215278 0.556469 0.00877193 0.0148026
0 0.176444 0.576754 0.0133406 0.0164474
0 0.793311 0.560992 0.0226608 0.0320724
0 0.590826 0.568531 0.0164474 0.0219298
0 0.329496 0.561678 0.0171784 0.0202851
0 0.629295 0.543311 0.0206506 0.0279605
0 0.659357 0.576343 0.00913743 0.0161732
0 0.0740132 0.543723 0.0102339 0.017818
0 0.0822368 0.560444 0.0219298 0.0293311
0 0.0709064 0.557977 0.0219298 0.0304276
0 0.537189 0.60773 0.0224781 0.0307018
0 0.386056 0.531113 0.0158991 0.0205592
0 0.883955 0.587308 0.0244883 0.0348136
0 0.367781 0.530976 0.00822368 0.0142544
0 0.563322 0.560992 0.0177266 0.0205592
0 0.70148 0.589227 0.0129751 0.0172697
0 0.241868 0.578673 0.0151681 0.0202851
0 0.251462 0.594846 0.0168129 0.0191886
0 0.735197 0.622122 0.0230263 0.0309759
0 0.598319 0.509868 0.00950292 0.0158991
0 0.248081 0.563459 0.0166301 0.0222039
0 0.334887 0.501645 0.00968567 0.0158991
0 0.251645 0.619655 0.0226608 0.0216557
0 0.434393 0.593065 0.0105994 0.0189145
0 0.260965 0.525905 0.0204678 0.0276864
0 0.548428 0.522615 0.0105994 0.013432
0 0.0805007 0.670093 0.0184576 0.0238487
0 0.496893 0.553043 0.0142544 0.0205592
0 0.45742 0.577029 0.0113304 0.0197368
0 0.839638 0.504934 0.0224781 0.0296053
0 0.61504 0.543174 0.0148026 0.013432
0 0.181378 0.608279 0.0246711 0.0372807
0 0.417763 0.584567 0.0127924 0.0194627
0 0.259229 0.380757 0.0210161 0.0158991
0 0.549982 0.592242 0.0217471 0.0309759
0 0.667855 0.547423 0.0155336 0.0142544
0 0.165296 0.551672 0.0100512 0.017818
0 0.495249 0.638706 0.0113304 0.0180921
0 0.130665 0.563596 0.0201023 0.0241228
0 0.718202 0.531798 0.0109649 0.0191886
0 0.0678911 0.409539 0.00785819 0.0137061
0 0.648392 0.580866 0.0109649 0.0153509
0 0.545322 0.609786 0.00950292 0.0150768
0 0.276133 0.534814 0.00913743 0.0142544
0 0.202942 0.563459 0.0151681 0.0227522
0 0.316155 0.558799 0.0208333 0.0287829
0 0.570906 0.523026 0.0120614 0.0126096
0 0.609558 0.576754 0.0100512 0.0175439
0 0.812043 0.572368 0.00968567 0.0153509
0 0.323739 0.580455 0.0137061 0.015625
0 0.0427632 0.451069 0.00986842 0.013432
0 0.681287 0.630345 0.0102339 0.0205592
0 0.837262 0.561952 0.0158991 0.0257675
0 0.220486 0.545916 0.0166301 0.0222039
0 0.434485 0.622259 0.0107822 0.0197368
0 0.702851 0.636513 0.0164474 0.0252193
0 0.773209 0.576754 0.0131579 0.0131579
0 0.784996 0.577303 0.0169956 0.0213816
0 0.346583 0.603893 0.0180921 0.0241228
0 0.212628 0.51864 0.0162646 0.0131579
0 0.670048 0.511102 0.0169956 0.017818
0 0.470577 0.597725 0.0113304 0.0189145
0 0.353893 0.518092 0.00895468 0.0142544
0 0.340186 0.505894 0.0104167 0.013432
0 0.474141 0.547149 0.0151681 0.0208333
0 0.245705 0.572917 0.0107822 0.0186404
0 0.48803 0.614857 0.0118787 0.0252193
0 0.872807 0.480811 0.0215643 0.0208333
0 0.439693 0.543037 0.00913743 0.0169956
0 0.303271 0.503427 0.0144371 0.0227522
0 0.873538 0.563871 0.0153509 0.0169956
0 0.201115 0.48972 0.0213816 0.0128838
0 0.607456 0.552495 0.00913743 0.0167215
0 0.6822 0.564282 0.0116959 0.0161732
0 0.417946 0.593613 0.0105994 0.020011
0 0.493604 0.577303 0.0109649 0.0186404
0 0.517635 0.6054 0.00932018 0.0183662
0 0.334613 0.546053 0.0160819 0.0208333
0 0.568713 0.536595 0.0146199 0.0189145
0 0.348593 0.506031 0.0151681 0.0153509
0 0.439967 0.572643 0.00895468 0.0164474
0 0.468293 0.56017 0.0180921 0.0167215
0 0.668311 0.538514 0.0182749 0.020011
0 0.681195 0.613761 0.0148026 0.026864
0 0.162098 0.501371 0.0153509 0.0158991
0 0.520468 0.529879 0.0138889 0.0235746
0 0.208333 0.501371 0.0142544 0.0169956
0 0.456689 0.547697 0.00913743 0.0164474
0 0.0361842 0.629797 0.0270468 0.0205592
0 0.739675 0.550987 0.0148026 0.0142544
0 0.673885 0.497533 0.0107822 0.0153509
0 0.254295 0.493284 0.00858918 0.0150768
0 0.352248 0.546464 0.0162646 0.0189145
0 0.759046 0.650219 0.0239401 0.0230263
0 0.603893 0.534951 0.00968567 0.0172697
0 0.512884 0.597862 0.0100512 0.0164474
0 0.809119 0.584841 0.00932018 0.0183662
0 0.631944 0.593476 0.00986842 0.0180921
0 0.529057 0.614172 0.0157164 0.013432
0 0.818348 0.572643 0.0105994 0.0158991
0 0.718841 0.579084 0.0151681 0.0222039
0 0.68485 0.547697 0.0111477 0.0153509
0 0.718293 0.551398 0.0151681 0.0145285
0 0.701572 0.514529 0.0204678 0.0164474
0 0.134594 0.547423 0.00968567 0.0169956
0 0.565424 0.530702 0.0109649 0.0148026
0 0.57913 0.561541 0.0157164 0.0211075
0 0.47606 0.614995 0.0164474 0.0304276
0 0.856817 0.584293 0.0177266 0.0194627
0 0.195541 0.559759 0.0127924 0.0153509
0 0.698099 0.502878 0.0142544 0.0183662
0 0.709978 0.505482 0.0102339 0.0191886
0 0.0791301 0.54756 0.0138889 0.015625
0 0.124086 0.539885 0.00913743 0.0172697
0 0.142909 0.501371 0.00877193 0.0148026
0 0.856908 0.622533 0.0270468 0.0202851
0 0.706871 0.609923 0.0105994 0.0208333
0 0.680007 0.488898 0.0204678 0.0172697
0 0.339821 0.517955 0.00895468 0.015625
0 0.173063 0.500822 0.0153509 0.0131579
0 0.5678 0.551535 0.0120614 0.0186404
0 0.701663 0.496436 0.0162646 0.0191886
0 0.525768 0.564967 0.0149854 0.0252193
0 0.251188 0.609375 0.0180921 0.0153509
0 0.336623 0.52659 0.0131579 0.0230263
0 0.906341 0.568257 0.0221126 0.0153509
0 0.348684 0.555099 0.0157164 0.0153509
0 0.375274 0.537555 0.0137061 0.0208333
0 0.381396 0.484375 0.0179094 0.0104167
0 0.460252 0.642818 0.0118787 0.0224781
0 0.807749 0.538514 0.0204678 0.020011
0 0.697917 0.554688 0.0142544 0.0243969
0 0.376827 0.555647 0.0219298 0.0142544
0 0.737116 0.379934 0.00822368 0.0158991
0 0.898392 0.533991 0.0149854 0.0180921
0 0.191429 0.529057 0.0137061 0.0197368
0 0.929094 0.518914 0.0211988 0.0263158
0 0.131213 0.571683 0.0153509 0.0139803
0 0.296053 0.522752 0.0157164 0.0148026
0 0.00484284 0.610197 0.00968567 0.0208333
0 0.298063 0.588953 0.00913743 0.017818
0 0.206414 0.546875 0.0184576 0.0142544
0 0.742507 0.559759 0.0109649 0.0175439
0 0.995614 0.468065 0.00877193 0.0167215
0 0.123629 0.579496 0.0239401 0.0208333
0 0.649123 0.562363 0.0131579 0.0227522
0 0.781981 0.58443 0.0109649 0.0169956
0 0.556835 0.605126 0.0164474 0.0150768
0 0.543129 0.535636 0.0142544 0.0208333
0 0.375822 0.512061 0.0148026 0.0230263
0 0.874726 0.604304 0.0206506 0.0249452
0 0.612939 0.554002 0.0146199 0.0197368
0 0.697094 0.622807 0.0144371 0.0235746
0 0.179825 0.538925 0.0153509 0.0202851
0 0.514803 0.517681 0.00986842 0.0167215
0 0.664656 0.629523 0.0186404 0.0337171
0 0.20943 0.493421 0.0182749 0.0131579
0 0.534357 0.564145 0.00986842 0.0180921
0 0.275676 0.562911 0.0155336 0.0238487
0 0.934759 0.477659 0.0241228 0.0194627
0 0.365223 0.539337 0.00932018 0.0161732
0 0.398483 0.547286 0.0111477 0.0167215
0 0.362116 0.522478 0.0151681 0.0137061
0 0.142635 0.526316 0.0137061 0.0137061
0 0.931743 0.539337 0.0195541 0.0189145
0 0.262244 0.572505 0.0113304 0.017818
0 0.745249 0.614309 0.0124269 0.0263158
0 0.353801 0.49301 0.0120614 0.0139803
0 0.112116 0.450658 0.00932018 0.0142544
0 0.706323 0.571683 0.00986842 0.0189145
0 0.328856 0.542626 0.00968567 0.0161732
0 0.675621 0.627741 0.0190058 0.033443
0 0.392909 0.592654 0.0208333 0.0186404
0 0.0367325 0.647478 0.00950292 0.0224781
0 0.645742 0.550713 0.0104167 0.0175439
0 0.685033 0.575932 0.0155336 0.0169956
0 0.495705 0.538377 0.0162646 0.0219298
0 0.676261 0.597039 0.0137061 0.0191886
0 0.270468 0.547697 0.0102339 0.0202851
0 0.845303 0.555236 0.0122442 0.0243969
0 0.00785819 0.591694 0.0157164 0.0150768
0 0.779057 0.610334 0.0113304 0.0227522
0 0.189876 0.572231 0.0105994 0.0205592
0 0.72277 0.638569 0.0138889 0.0370066
0 0.106908 0.405565 0.00804094 0.0145285
0 0.139803 0.538925 0.0197368 0.0148026
0 0.854989 0.568805 0.0126096 0.0224781
0 0.411824 0.530154 0.0151681 0.0224781
0 0.375731 0.612802 0.0197368 0.0353618
0 0.646107 0.589775 0.0100512 0.017818
0 0.359466 0.534677 0.0109649 0.0161732
0 0.548885 0.597725 0.0104167 0.0189145
0 0.915844 0.529331 0.0235746 0.0208333
0 0.0707237 0.551809 0.00986842 0.0197368
0 0.506853 0.620477 0.0148026 0.0211075
0 0.0259503 0.442571 0.0116959 0.0123355
0 0.88295 0.581277 0.0115132 0.0222039
0 0.162189 0.58114 0.0118787 0.0219298
0 0.39894 0.560033 0.0127924 0.0158991
0 0.637153 0.585115 0.0104167 0.0194627
0 0.49799 0.587034 0.0135234 0.0265899
0 0.559393 0.542626 0.0160819 0.0139803
0 0.198374 0.592654 0.0173611 0.0142544
0 0.493147 0.626919 0.0122442 0.0230263
0 0.485106 0.584841 0.0122442 0.0260417
0 0.773118 0.555373 0.00932018 0.0180921
0 0.195906 0.518229 0.00986842 0.0172697
0 0.714821 0.593065 0.0133406 0.0128838
0 0.212719 0.530016 0.00950292 0.0183662
0 0.448282 0.635691 0.0160819 0.0317982
0 0.11705 0.612253 0.0202851 0.0265899
0 0.392452 0.51398 0.0133406 0.0191886
0 0.221034 0.720669 0.0232091 0.0438596
0 0.259868 0.514254 0.0149854 0.0169956
0 0.281433 0.563734 0.0124269 0.0145285
0 0.00986842 0.447231 0.00877193 0.0139803
0 0.302906 0.543586 0.0144371 0.0246711
0 0.53792 0.55222 0.0166301 0.0139803
0 0.279331 0.488487 0.0115132 0.0153509
0 0.976791 0.488487 0.0226608 0.0197368
0 0.846948 0.602933 0.0213816 0.0238487
0 0.3358 0.605811 0.0224781 0.0191886
0 0.398118 0.569627 0.0148026 0.0246711
0 0.379295 0.567297 0.0213816 0.0172697
0 0.607822 0.52193 0.0131579 0.0191886
0 0.506853 0.597725 0.0107822 0.0222039
0 0.56451 0.512884 0.0142544 0.0191886
0 0.204587 0.509868 0.0169956 0.0120614
0 0.536184 0.537555 0.0131579 0.0208333
0 0.167672 0.534539 0.0173611 0.0158991
0 0.656433 0.589227 0.0102339 0.020011
0 0.192069 0.511102 0.0127924 0.0211075
0 0.195541 0.580318 0.0146199 0.0191886
0 0.292946 0.564419 0.00913743 0.0175439
0 0.217745 0.601562 0.0118787 0.0254934
0 0.151955 0.501096 0.0232091 0.0158991
0 0.254112 0.560581 0.0104167 0.0197368
0 0.156615 0.535088 0.00950292 0.0175439
0 0.104167 0.514803 0.0226608 0.0186404
0 0.282072 0.611157 0.0169956 0.0298794
0 0.112573 0.570861 0.0208333 0.0222039
0 0.437409 0.505894 0.00858918 0.015625
0 0.176626 0.612527 0.0195541 0.017818
0 0.212445 0.580455 0.00968567 0.0189145
0 0.0707237 0.564282 0.00877193 0.0172697
0 0.0900037 0.559622 0.0148026 0.017818
0 0.692343 0.53687 0.0166301 0.0249452
0 0.6536 0.496711 0.0129751 0.0169956
0 0.178728 0.564008 0.0142544 0.0183662
0 0.439876 0.52193 0.0102339 0.0213816
0 0.0563779 0.417078 0.00822368 0.0161732
0 0.319901 0.5392 0.0129751 0.0224781
0 0.184759 0.593065 0.0105994 0.020011
0 0.440789 0.58813 0.0149854 0.0254934
0 0.571272 0.510554 0.00986842 0.0172697
0 0.1875 0.551535 0.0182749 0.0115132
0 0.500914 0.5429 0.0102339 0.0189145
0 0.426718 0.598136 0.0105994 0.0202851
0 0.279423 0.575932 0.0175439 0.0126096
0 0.301809 0.560581 0.0100512 0.0175439
0 0.293494 0.536047 0.0105994 0.020011
0 0.212445 0.71409 0.0228436 0.0285088
0 0.524854 0.536595 0.0138889 0.0216557
0 0.725969 0.559759 0.00932018 0.0180921
0 0.47542 0.583882 0.0144371 0.0279605
0 0.0285088 0.642407 0.0193713 0.0145285
0 0.187226 0.500959 0.00968567 0.017818
0 0.735197 0.602111 0.00986842 0.0183662
0 0.45276 0.590461 0.0115132 0.0252193
0 0.626005 0.597177 0.0126096 0.0227522
0 0.79587 0.560444 0.0105994 0.0205592
0 0.793129 0.596902 0.00986842 0.020011
0 0.27924 0.629249 0.0146199 0.0161732
0 0.463268 0.578125 0.0138889 0.0230263
0 0.581871 0.57278 0.0102339 0.020011
0 0.961988 0.489035 0.0274123 0.0246711
0 0.181743 0.51864 0.0115132 0.0219298
0 0.0986842 0.534951 0.00986842 0.0183662
0 0.634503 0.61006 0.0102339 0.020011
0 0.540113 0.517955 0.0115132 0.0128838
0 0.892909 0.545504 0.0186404 0.0274123
0 0.0601243 0.664337 0.0142544 0.0315241
0 0.239583 0.597039 0.0109649 0.0230263
0 0.52924 0.514254 0.00913743 0.0164474
0 0.302175 0.609375 0.0137061 0.0252193
0 0.784448 0.546738 0.0158991 0.0222039
0 0.753746 0.551672 0.0144371 0.0211075
0 0.0902778 0.571957 0.0175439 0.0117873
0 0.506396 0.521245 0.0237573 0.0233004
0 0.845943 0.51398 0.0116959 0.0191886
0 0.596308 0.614035 0.0131579 0.0301535
0 0.45349 0.570175 0.0155336 0.0257675
0 0.764346 0.580729 0.0129751 0.0271382
0 0.379386 0.580455 0.0219298 0.0260417
0 0.29386 0.580181 0.0190058 0.0194627
0 0.27924 0.547286 0.0102339 0.0189145
0 0.114401 0.520559 0.0127924 0.0219298
0 0.387153 0.538788 0.00968567 0.017818
0 0.284174 0.518366 0.0102339 0.0213816
0 0.110106 0.600603 0.0191886 0.0169956
0 0.61303 0.596217 0.0148026 0.0257675
0 0.593385 0.513432 0.0124269 0.0219298
0 0.0794956 0.560855 0.0102339 0.0191886
0 0.351334 0.484512 0.0126096 0.0123355
0 0.854532 0.498218 0.0208333 0.0265899
0 0.385782 0.496985 0.0197368 0.0202851
0 0.210892 0.70011 0.0208333 0.0285088
0 0.182749 0.63898 0.0131579 0.033443
0 0.523666 0.514666 0.00932018 0.0167215
0 0.657438 0.605126 0.0173611 0.020011
0 0.723045 0.58443 0.0100512 0.0197368
0 0.958973 0.509183 0.0155336 0.0304276
0 0.442891 0.621711 0.0126096 0.0219298
0 0.781433 0.493147 0.00986842 0.0202851
0 0.595395 0.530291 0.0157164 0.0139803
0 0.654148 0.622396 0.0111477 0.0222039
0 0.49534 0.601562 0.0104167 0.0205592
0 0.575841 0.596217 0.0160819 0.0235746
0 0.251645 0.506168 0.00950292 0.0172697
0 0.465278 0.54756 0.00913743 0.017818
0 0.315333 0.585115 0.00932018 0.0189145
0 0.823008 0.542352 0.0158991 0.0216557
0 0.257127 0.543311 0.0124269 0.0219298
0 0.54258 0.639529 0.0248538 0.0175439
0 0.535453 0.622533 0.0116959 0.0230263
0 0.321272 0.56812 0.0135234 0.0172697
0 0.478984 0.556058 0.00950292 0.0183662
0 0.12966 0.527001 0.0100512 0.0194627
0 0.547971 0.584567 0.0104167 0.0211075
0 0.802357 0.57278 0.0137061 0.0265899
0 0.464455 0.604167 0.0155336 0.0274123
0 0.701663 0.530702 0.0107822 0.0186404
0 0.556743 0.52659 0.00932018 0.0175439
0 0.43284 0.560992 0.0111477 0.0205592
0 0.437865 0.609375 0.0160819 0.0169956
0 0.468293 0.643366 0.0144371 0.03125
0 0.339821 0.534402 0.00968567 0.0194627
0 0.676626 0.530428 0.0166301 0.0148026
0 0.39364 0.625274 0.0168129 0.0361842
0 0.876371 0.554688 0.0184576 0.0167215
0 0.224141 0.555784 0.0133406 0.0238487
0 0.939876 0.469161 0.0193713 0.0249452
0 0.64099 0.634731 0.0129751 0.0265899
0 0.641721 0.539885 0.0155336 0.0227522
0 0.857182 0.595806 0.0199196 0.0260417
0 0.676261 0.517818 0.0155336 0.0158991
0 0.712354 0.631305 0.0142544 0.0323465
0 0.44883 0.547697 0.0105994 0.0197368
0 0.580683 0.547423 0.0151681 0.0257675
0 0.0709978 0.579907 0.0195541 0.015625
0 0.287646 0.501096 0.00840643 0.0169956
0 0.482273 0.605948 0.0109649 0.0205592
0 0.938414 0.510554 0.0222953 0.0216557
0 0.0783991 0.529879 0.0120614 0.0186404
0 0.921144 0.568257 0.0144371 0.0241228
0 0.698556 0.6017 0.0115132 0.0224781
0 0.412463 0.505482 0.00877193 0.0175439
0 0.275859 0.590186 0.0133406 0.026864
0 0.604624 0.585389 0.0104167 0.0194627
0 0.592654 0.559759 0.0109649 0.0197368
0 0.473776 0.625685 0.0111477 0.0233004
0 0.993695 0.447094 0.0100512 0.0197368
0 0.199836 0.696135 0.0199196 0.0243969
0 0.408169 0.629934 0.0126096 0.0263158
0 0.453034 0.608964 0.0146199 0.0293311
0 0.149123 0.552632 0.0109649 0.0208333
0 0.104349 0.526179 0.0142544 0.020011
0 0.54258 0.575795 0.0127924 0.0287829
0 0.415753 0.538377 0.0127924 0.0285088
0 0.511605 0.564419 0.0126096 0.0285088
0 0.221126 0.509868 0.0102339 0.0191886
0 0.0802266 0.635143 0.0277778 0.0230263
0 0.685124 0.605811 0.0109649 0.0213816
0 0.228893 0.496436 0.0129751 0.0142544
0 0.917946 0.518914 0.0241228 0.0191886
0 0.314967 0.559485 0.00932018 0.0175439
0 0.689419 0.596628 0.0133406 0.0315241
0 0.319993 0.49767 0.0116959 0.0216557
0 0.657255 0.526042 0.0210161 0.0148026
0 0.262244 0.55551 0.0102339 0.0205592
0 0.51526 0.551946 0.00968567 0.0183662
0 0.87765 0.542489 0.0173611 0.0235746
0 0.509594 0.538514 0.00968567 0.0183662
0 0.173611 0.48835 0.0175439 0.0123355
0 0.110289 0.543586 0.00968567 0.0180921
0 0.854806 0.550987 0.0144371 0.029057
0 0.715552 0.564419 0.00968567 0.0186404
0 0.912463 0.584019 0.0204678 0.0172697
0 0.339364 0.627741 0.0226608 0.0279605
0 0.715643 0.609923 0.00986842 0.0191886
0 0.895651 0.588268 0.0153509 0.0307018
0 0.714821 0.53824 0.0129751 0.0238487
0 0.248812 0.540022 0.0111477 0.0230263
0 0.262153 0.49767 0.0104167 0.0216557
0 0.81652 0.606634 0.0138889 0.0301535
0 0.475786 0.646656 0.0129751 0.0296053
0 0.323099 0.517407 0.0149854 0.0233004
0 0.307566 0.531661 0.0105994 0.0194627
0 0.442617 0.555921 0.0109649 0.0224781
0 0.367873 0.606634 0.0131579 0.0307018
0 0.247807 0.629249 0.0182749 0.0265899
0 0.582602 0.593476 0.0105994 0.0197368
0 0.242873 0.535362 0.00950292 0.0197368
0 0.0931104 0.550987 0.0104167 0.0202851
0 0.121345 0.54756 0.0116959 0.0211075
0 0.493147 0.560307 0.00968567 0.0186404
0 0.737299 0.563596 0.0133406 0.0180921
0 0.352796 0.586075 0.0118787 0.0241228
0 0.385325 0.613761 0.0173611 0.0274123
0 0.768823 0.563734 0.0179094 0.0167215
0 0.335069 0.492188 0.0158991 0.0216557
0 0.407895 0.548109 0.0116959 0.0222039
0 0.836897 0.612664 0.0169956 0.0339912
0 0.3125 0.547423 0.0105994 0.0213816
0 0.401042 0.6017 0.0107822 0.0219298
0 0.414017 0.563871 0.0151681 0.0285088
0 0.279879 0.501645 0.0107822 0.0208333
0 0.331049 0.521382 0.0137061 0.026864
0 0.4322 0.502056 0.00913743 0.0172697
0 0.142635 0.571957 0.0126096 0.0276864
0 0.487208 0.559622 0.0105994 0.0205592
0 0.429642 0.517407 0.00986842 0.017818
0 0.0598501 0.533854 0.0177266 0.0189145
0 0.248538 0.493558 0.0109649 0.0216557
0 0.554368 0.56812 0.0126096 0.0205592
0 0.362939 0.571683 0.0146199 0.0172697
0 0.43951 0.642955 0.0113304 0.0260417
0 0.343476 0.563871 0.0169956 0.0158991
0 0.221491 0.530565 0.0160819 0.0205592
0 0.123173 0.592928 0.00913743 0.0186404
0 0.676535 0.555373 0.0197368 0.0153509
0 0.8178 0.587993 0.0105994 0.0208333
0 0.208242 0.571272 0.0151681 0.0246711
0 0.645559 0.567845 0.00895468 0.017818
0 0.179368 0.591968 0.0126096 0.0260417
0 0.130757 0.600329 0.0177266 0.033443
0 0.685033 0.502604 0.0115132 0.0222039
0 0.862847 0.546738 0.0148026 0.0238487
0 0.300987 0.509868 0.00877193 0.0175439
0 0.889803 0.57182 0.0124269 0.0263158
0 0.632858 0.515488 0.0120614 0.0233004
0 0.870888 0.580181 0.0162646 0.0276864
0 0.159448 0.555784 0.0111477 0.0233004
0 0.169591 0.51864 0.0105994 0.0241228
0 0.730172 0.57977 0.0126096 0.0235746
0 0.362847 0.585526 0.0104167 0.0202851
0 0.426626 0.638158 0.0155336 0.03125
0 0.787281 0.60074 0.0131579 0.0249452
0 0.246162 0.518366 0.0102339 0.0191886
0 0.421601 0.506442 0.0109649 0.0211075
0 0.0601243 0.638021 0.0186404 0.0353618
0 0.76462 0.624589 0.0175439 0.0375548
0 0.80117 0.54756 0.00986842 0.020011
0 0.306469 0.496573 0.00986842 0.0194627
0 0.224689 0.616365 0.0180921 0.0326206
0 0.520468 0.598136 0.0160819 0.026864
0 0.830044 0.521382 0.0157164 0.0208333
0 0.129203 0.500548 0.0222953 0.0142544
0 0.259503 0.526316 0.0109649 0.0169956
0 0.333516 0.587719 0.0193713 0.0252193
0 0.226425 0.576343 0.0201023 0.0139803
0 0.802723 0.595943 0.0151681 0.026864
0 0.754477 0.483964 0.0104167 0.0216557
0 0.201846 0.531113 0.0144371 0.020011
0 0.723227 0.442434 0.00822368 0.0169956
0 0.643001 0.613487 0.0115132 0.0252193
0 0.411915 0.613898 0.0127924 0.0282346
0 0.590186 0.543448 0.00968567 0.0183662
0 0.598227 0.547697 0.0118787 0.0241228
0 0.520833 0.57648 0.0116959 0.0246711
0 0.712537 0.580729 0.00986842 0.0194627
0 0.601517 0.568668 0.0107822 0.0227522
0 0.321546 0.60403 0.0140716 0.0238487
0 0.407072 0.518366 0.0115132 0.0219298
0 0.757127 0.592105 0.0120614 0.0252193
0 0.726517 0.500822 0.0148026 0.0186404
0 0.172515 0.647067 0.0113304 0.0271382
0 0.623721 0.550713 0.0102339 0.0202851
0 0.412463 0.59375 0.0120614 0.0246711
0 0.268549 0.608964 0.0195541 0.0194627
0 0.15095 0.518092 0.00986842 0.0202851
0 0.2733 0.522478 0.0126096 0.0208333
0 0.315515 0.502056 0.00968567 0.0189145
0 0.134594 0.509731 0.0107822 0.0205592
0 0.618878 0.572643 0.0115132 0.0224781
0 0.306835 0.580044 0.0127924 0.0279605
0 0.790936 0.631716 0.0175439 0.0309759
0 0.239857 0.496985 0.00968567 0.0191886
0 0.66292 0.559211 0.0100512 0.0208333
0 0.768275 0.609512 0.0135234 0.0331689
0 0.425439 0.555784 0.0124269 0.0254934
0 0.592928 0.585252 0.0122442 0.0257675
0 0.830958 0.462719 0.0127924 0.0230263
0 0.359923 0.563322 0.0155336 0.0191886
0 0.187774 0.617736 0.0115132 0.0227522
0 0.448282 0.521382 0.0120614 0.029057
0 0.757219 0.626234 0.0144371 0.0320724
0 0.170504 0.596354 0.0164474 0.0315241
0 0.265077 0.593202 0.0140716 0.03125
0 0.601974 0.601151 0.0131579 0.0279605
0 0.785636 0.559073 0.0135234 0.0249452
0 0.73474 0.618558 0.0104167 0.0211075
0 0.55985 0.587856 0.0137061 0.0238487
0 0.809028 0.55551 0.0102339 0.0222039
0 0.23136 0.513432 0.0142544 0.0263158
0 0.835983 0.579221 0.0206506 0.0235746
0 0.1017 0.551124 0.0115132 0.0233004
0 0.456963 0.521793 0.0169956 0.015625
0 0.626827 0.576891 0.0105994 0.0205592
0 0.775676 0.596902 0.0107822 0.0238487
0 0.159357 0.517544 0.00950292 0.0202851
0 0.530976 0.588953 0.0137061 0.0265899
0 0.75402 0.568257 0.0102339 0.0208333
0 0.735106 0.504797 0.0104167 0.0222039
0 0.910088 0.537829 0.0193713 0.0224781
0 0.959338 0.471217 0.0191886 0.0285088
0 0.309942 0.514254 0.0102339 0.0202851
0 0.0740132 0.654468 0.0190058 0.0243969
0 0.0186404 0.575247 0.0124269 0.0249452
0 0.0379203 0.563596 0.0133406 0.0296053
0 0.42087 0.576206 0.00986842 0.0208333
0 0.126371 0.430099 0.00895468 0.0186404
0 0.224141 0.58909 0.0118787 0.0219298
0 0.537098 0.601151 0.0120614 0.0213816
0 0.140077 0.602111 0.0144371 0.0342654
0 0.738487 0.642544 0.0146199 0.0323465
0 0.123538 0.518914 0.0109649 0.0235746
0 0.34841 0.526453 0.0115132 0.0243969
0 0.404057 0.501508 0.00986842 0.0194627
0 0.729349 0.630482 0.0113304 0.0235746
0 0.66621 0.585389 0.0129751 0.0276864
0 0.739309 0.588542 0.0129751 0.0301535
0 0.150585 0.586623 0.0171784 0.03125
0 0.865223 0.487802 0.0232091 0.0216557
0 0.782164 0.527138 0.0233918 0.0208333
0 0.706689 0.551261 0.00986842 0.0208333
0 0.234558 0.535088 0.0111477 0.0235746
0 0.23867 0.64131 0.0182749 0.0309759
0 0.652047 0.635554 0.0142544 0.0276864
0 0.376371 0.501508 0.0104167 0.0211075
0 0.458516 0.630345 0.0153509 0.0282346
0 0.78591 0.50466 0.0126096 0.0252193
0 0.287555 0.543311 0.0111477 0.0235746
0 0.0190972 0.595943 0.0239401 0.0339912
0 0.63761 0.564693 0.0102339 0.0219298
0 0.367873 0.49767 0.00986842 0.0211075
0 0.398575 0.639666 0.0153509 0.0348136
0 0.429276 0.626234 0.0131579 0.0287829
0 0.549159 0.621025 0.0190058 0.0216557
0 0.975694 0.469572 0.0171784 0.0274123
0 0.292215 0.621848 0.0120614 0.0282346
0 0.504751 0.572231 0.0113304 0.0233004
0 0.548702 0.539337 0.0115132 0.0243969
0 0.465826 0.529742 0.0131579 0.0238487
0 0.090826 0.588953 0.0120614 0.0271382
0 0.918129 0.471628 0.0215643 0.0172697
0 0.197825 0.61335 0.0133406 0.0298794
0 0.990406 0.472451 0.0111477 0.0238487
0 0.896016 0.512747 0.0204678 0.0222039
0 0.655245 0.563185 0.0122442 0.0260417
0 0.628929 0.534951 0.0100512 0.0205592
0 0.919042 0.48739 0.0182749 0.0307018
0 0.0314327 0.570587 0.0160819 0.0282346
0 0.293311 0.50932 0.0105994 0.0235746
0 0.170413 0.563048 0.0158991 0.0219298
0 0.876827 0.513706 0.0208333 0.0257675
0 0.485015 0.533991 0.0124269 0.0285088
0 0.823556 0.559348 0.0210161 0.0194627
0 0.674525 0.576754 0.0113304 0.0241228
0 0.309759 0.597039 0.0120614 0.0257675
0 0.573374 0.576343 0.0100512 0.0216557
0 0.824927 0.608004 0.0142544 0.0307018
0 0.574927 0.623355 0.0255848 0.0301535
0 0.643001 0.517955 0.0100512 0.0216557
0 0.265716 0.637473 0.0149854 0.0342654
0 0.748538 0.57648 0.0102339 0.0219298
0 0.271107 0.496573 0.0111477 0.0238487
0 0.671875 0.404879 0.0148026 0.0246711
0 0.782529 0.622396 0.0116959 0.0238487
0 0.943988 0.541941 0.0155336 0.03125
0 0.361933 0.505208 0.0111477 0.0257675
0 0.237482 0.556332 0.0111477 0.0243969
0 0.476425 0.529742 0.0105994 0.0222039
0 0.0647844 0.548794 0.0140716 0.0296053
0 0.521838 0.626919 0.0173611 0.0307018
0 0.725238 0.604989 0.0115132 0.0246711
0 0.838176 0.496573 0.0111477 0.0227522
0 0.497259 0.652961 0.0186404 0.0328947
0 0.0873538 0.534539 0.0102339 0.0224781
0 0.770468 0.496162 0.0135234 0.0285088
0 0.608279 0.63062 0.0133406 0.0309759
0 0.480355 0.660499 0.0162646 0.0375548
0 0.317526 0.629934 0.0184576 0.0345395
0 0.691064 0.634457 0.0148026 0.0331689
0 0.413834 0.658991 0.0191886 0.033443
0 0.617964 0.526727 0.0111477 0.0233004
0 0.208516 0.604989 0.0175439 0.0317982
0 0.0465095 0.645696 0.0148026 0.0304276
0 0.620523 0.626096 0.0129751 0.0301535
0 0.423611 0.530839 0.0105994 0.0227522
0 0.565424 0.584978 0.0105994 0.0230263
0 0.176626 0.51398 0.0100512 0.0219298
0 0.615497 0.610334 0.0109649 0.0243969
0 0.158626 0.604167 0.0113304 0.0279605
0 0.4322 0.534814 0.0124269 0.0274123
0 0.453034 0.663377 0.0197368 0.03125
0 0.301626 0.629523 0.0206506 0.0337171
0 0.360015 0.613487 0.0135234 0.03125
0 0.751553 0.601014 0.0111477 0.0249452
0 0.516082 0.650082 0.0175439 0.0309759
0 0.588542 0.61705 0.0173611 0.0252193
0 0.62966 0.63062 0.0148026 0.0348136
0 0.582145 0.518092 0.0104167 0.0224781
0 0.559759 0.62966 0.0131579 0.0317982
0 0.642909 0.659402 0.0171784 0.0287829
0 0.760874 0.541941 0.0199196 0.0213816
0 0.796601 0.487116 0.0182749 0.03125
0 0.72405 0.530976 0.0124269 0.026864
0 0.419499 0.646107 0.0173611 0.03125
0 0.164656 0.644737 0.0175439 0.0361842
0 0.355263 0.629523 0.0146199 0.0331689
0 0.632401 0.55551 0.0137061 0.0249452
0 0.08178 0.58813 0.0129751 0.0315241
0 0.732273 0.529194 0.0127924 0.0282346
0 0.099598 0.592105 0.0142544 0.0328947
0 0.804916 0.621573 0.0206506 0.0331689
0 0.782164 0.396382 0.0146199 0.03125
0 0.907895 0.483827 0.0164474 0.0317982
