0 0.659814 0.109101 0.0257675 0.035636
0 0.648118 0.00918311 0.0352705 0.0183662
0 0.203308 0.187363 0.0177266 0.0216557
0 0.584795 0.339501 0.0237573 0.0342654
0 0.529514 0.179276 0.034905 0.0230263
0 0.8125 0.144052 0.0113304 0.0309759
0 0.193165 0.223547 0.0244883 0.0304276
0 0.23008 0.205866 0.0146199 0.0252193
0 0.762701 0.157072 0.027595 0.0389254
0 0.483735 0.211486 0.0241228 0.0402961
0 0.373355 0.228344 0.0244883 0.0339912
0 0.662007 0.194216 0.0272295 0.0381031
0 0.344115 0.269189 0.0168129 0.0433114
0 0.819901 0.191612 0.0228436 0.0296053
0 0.558754 0.347314 0.0425804 0.0257675
0 0.592379 0.329633 0.0188231 0.0353618
0 0.208516 0.204496 0.0160819 0.0202851
0 0.685307 0.171875 0.0124269 0.0191886
0 0.851517 0.2929 0.0272295 0.0507127
0 0.294225 0.207922 0.0252193 0.0375548
0 0.621436 0.349232 0.0213816 0.0471491
0 0.380848 0.215049 0.0127924 0.0271382
0 0.460709 0.226425 0.0285088 0.0394737
0 0.492507 0.315789 0.0248538 0.0433114
0 0.658991 0.21409 0.0182749 0.0394737
0 0.629477 0.173931 0.029788 0.0452303
0 0.324653 0.200521 0.0323465 0.0293311
0 0.59311 0.142681 0.0257675 0.0408443
0 0.657255 0.114857 0.0107822 0.0213816
0 0.695632 0.142955 0.00968567 0.020011
0 0.707237 0.378015 0.0277778 0.0548246
0 0.912007 0.329633 0.0221126 0.042489
0 0.497898 0.396519 0.0213816 0.0413925
0 0.833333 0.38761 0.0179094 0.0438596
0 0.397569 0.276042 0.0243056 0.0394737
0 0.563871 0.137747 0.026133 0.0474232
0 0.796784 0.396245 0.0186404 0.0254934
0 0.61568 0.32045 0.0361842 0.0246711
0 0.950292 0.154057 0.0248538 0.0148026
0 0.823556 0.20614 0.0411184 0.0257675
0 0.620614 0.158991 0.0263158 0.0208333
0 0.641996 0.353207 0.0255848 0.0293311
0 0.752284 0.377604 0.0279605 0.0479715
0 0.201206 0.193394 0.00913743 0.0161732
0 0.608918 0.213953 0.0434942 0.0271382
0 0.484923 0.179413 0.0360015 0.0243969
0 0.842471 0.178728 0.0402047 0.0246711
0 0.231451 0.231771 0.0202851 0.0463268
0 0.207968 0.235609 0.0197368 0.0331689
0 0.563231 0.0115132 0.0211988 0.0180921
0 0.463359 0.189008 0.032712 0.0260417
0 0.704404 0.312774 0.0188231 0.0455044
0 0.385965 0.24301 0.0204678 0.044682
0 0.460161 0.212582 0.0182749 0.0304276
0 0.696089 0.188048 0.0266813 0.0285088
0 0.775128 0.358827 0.0323465 0.0586623
0 0.993421 0.109923 0.0131579 0.0383772
0 0.379934 0.183662 0.0168129 0.0493421
0 0.421784 0.344572 0.0241228 0.0411184
0 0.919773 0.184073 0.0252193 0.0550987
0 0.267452 0.226837 0.0228436 0.0364583
0 0.213542 0.187911 0.0199196 0.0238487
0 0.871711 0.165707 0.0274123 0.0457785
0 0.595669 0.163925 0.0301535 0.0372807
0 0.690607 0.165296 0.0387427 0.0279605
0 0.306287 0.242599 0.0230263 0.0389254
0 0.686221 0.208882 0.0233918 0.0405702
0 0.903966 0.309759 0.0155336 0.0296053
0 0.708333 0.158854 0.0263158 0.0430373
0 0.438962 0.111705 0.0237573 0.0402961
0 0.735015 0.0963542 0.0204678 0.0501645
0 0.864035 0.225877 0.0215643 0.0542763
0 0.745157 0.349507 0.0195541 0.0378289
0 0.927266 0.302495 0.0500731 0.0348136
0 0.5286 0.311129 0.0221126 0.0389254
0 0.50265 0.160499 0.0308845 0.0216557
0 0.550347 0.17489 0.025402 0.0487939
0 0.987756 0.193805 0.0219298 0.0383772
0 0.73008 0.337856 0.0255848 0.0523575
0 0.827029 0.248081 0.0243056 0.0455044
0 0.339912 0.222862 0.0361842 0.0263158
0 0.531981 0.235471 0.0190058 0.0487939
0 0.253838 0.217516 0.0113304 0.0233004
0 0.558297 0.250959 0.0190058 0.0375548
0 0.25402 0.199698 0.0168129 0.0353618
0 0.545779 0.213542 0.0414839 0.0257675
0 0.931561 0.332237 0.0232091 0.0339912
0 0.672606 0.227522 0.0243056 0.0422149
0 0.61367 0.196272 0.0500731 0.0307018
0 0.664931 0.319764 0.0202851 0.0561952
0 0.487299 0.384868 0.0224781 0.0411184
0 0.241502 0.221354 0.0180921 0.0326206
0 0.201206 0.247944 0.0237573 0.0375548
0 0.170322 0.258087 0.0380117 0.0441338
0 0.542855 0.252604 0.0195541 0.0583882
0 0.292398 0.26398 0.0197368 0.0498904
0 0.804825 0.181743 0.0204678 0.0476974
0 0.219664 0.202851 0.0168129 0.026864
0 0.67224 0.189008 0.0180921 0.0391996
0 0.619974 0.376508 0.025402 0.0463268
0 0.940058 0.0890899 0.0508041 0.029057
0 0.409083 0.372533 0.0224781 0.0542763
0 0.32712 0.232456 0.0343567 0.0263158
0 0.81186 0.368832 0.0272295 0.0320724
0 0.909174 0.17023 0.0211988 0.0498904
0 0.170687 0.226974 0.0266813 0.0257675
0 0.623538 0.127741 0.0211988 0.0378289
0 0.64629 0.170916 0.0323465 0.0353618
0 0.770925 0.392955 0.0246711 0.0452303
0 0.365771 0.258361 0.0169956 0.044682
0 0.241502 0.236157 0.0151681 0.0260417
0 0.576846 0.189967 0.0407529 0.0339912
0 0.443074 0.272615 0.0228436 0.0435855
0 0.768458 0.230537 0.0219298 0.0592105
0 0.752741 0.173931 0.0237573 0.0375548
0 0.936221 0.121162 0.0321637 0.0213816
0 0.965004 0.195861 0.0217471 0.0413925
0 0.278874 0.174205 0.0307018 0.0463268
0 0.851608 0.210389 0.0226608 0.0408443
0 0.79057 0.120614 0.0204678 0.0504386
0 0.74205 0.184485 0.0213816 0.0537281
0 0.149123 0.230537 0.0219298 0.0191886
0 0.671144 0.0989583 0.0184576 0.0411184
0 0.756853 0.212993 0.0414839 0.0427632
0 0.29057 0.385417 0.0204678 0.0564693
0 0.934667 0.141036 0.0345395 0.0243969
0 0.488487 0.245888 0.0193713 0.0466009
0 0.990863 0.242736 0.0171784 0.0243969
0 0.822186 0.388158 0.0182749 0.0378289
0 0.928271 0.27193 0.0411184 0.0400219
0 0.743238 0.317434 0.0252193 0.0482456
0 0.576754 0.21313 0.0398392 0.0342654
0 0.518823 0.227659 0.0182749 0.0485197
0 0.644097 0.379386 0.0221126 0.058114
0 0.517452 0.375822 0.0272295 0.0542763
0 0.378015 0.114583 0.028326 0.0444079
0 0.9767 0.298383 0.0385599 0.0561952
0 0.46473 0.32648 0.0339912 0.0575658
0 0.192526 0.206963 0.0173611 0.0317982
0 0.953125 0.105537 0.034174 0.0219298
0 0.592836 0.356086 0.0153509 0.0339912
0 0.800164 0.324561 0.0235746 0.0466009
0 0.812317 0.245888 0.0193713 0.0526316
0 0.857182 0.123218 0.032712 0.0370066
0 0.834156 0.143092 0.0235746 0.0449561
0 0.865132 0.29057 0.0182749 0.0575658
0 0.736385 0.141584 0.0246711 0.0375548
0 0.776042 0.110471 0.0199196 0.0542763
0 0.892909 0.196546 0.0201023 0.0548246
0 0.811495 0.11568 0.034174 0.0433114
0 0.872898 0.192297 0.026133 0.0540022
0 0.426809 0.397615 0.0469664 0.0265899
0 0.848593 0.145148 0.0191886 0.051261
0 0.650128 0.272889 0.026133 0.049068
0 0.731542 0.192023 0.0186404 0.0441338
0 0.658534 0.135554 0.0239401 0.0381031
0 0.780519 0.247122 0.0182749 0.0572917
0 0.715004 0.326891 0.0202851 0.0452303
0 0.489949 0.0993695 0.0182749 0.049068
0 0.537463 0.19682 0.0347222 0.0202851
0 0.431287 0.209567 0.0208333 0.0441338
0 0.515534 0.130482 0.0299708 0.0438596
0 0.612664 0.253289 0.0235746 0.0630482
0 0.393732 0.3358 0.0243056 0.0515351
0 0.966557 0.0675713 0.0211988 0.0540022
0 0.718476 0.142133 0.0232091 0.0441338
0 0.506305 0.382812 0.0239401 0.044682
0 0.275676 0.503427 0.0166301 0.0441338
0 0.438048 0.226014 0.0149854 0.0348136
0 0.608187 0.353755 0.0204678 0.0452303
0 0.51526 0.279057 0.034174 0.0515351
0 0.171601 0.2071 0.0350877 0.0271382
0 0.758132 0.260554 0.0188231 0.0501645
0 0.581506 0.119243 0.0168129 0.0466009
0 0.948282 0.18517 0.0427632 0.0430373
0 0.647844 0.202303 0.0281433 0.0372807
0 0.343567 0.132127 0.0208333 0.0570175
0 0.822003 0.0853893 0.0226608 0.0627741
0 0.758315 0.131031 0.0243056 0.0476974
0 0.799342 0.147615 0.0252193 0.0337171
0 0.457054 0.163925 0.0358187 0.0372807
0 0.843385 0.249863 0.0208333 0.0578399
0 0.448739 0.216968 0.0137061 0.0293311
0 0.803363 0.381579 0.0394737 0.035636
0 0.81917 0.157484 0.0188231 0.0452303
0 0.365497 0.162966 0.0186404 0.0529057
0 0.546418 0.296327 0.0321637 0.0224781
0 0.906615 0.345669 0.0175439 0.0394737
0 0.636148 0.23835 0.0175439 0.0479715
0 0.642909 0.135828 0.0296053 0.0287829
0 0.400676 0.0922423 0.0199196 0.0381031
0 0.95011 0.337719 0.0197368 0.0383772
0 0.247442 0.177632 0.0186404 0.0389254
0 0.480446 0.14926 0.0266813 0.0534539
0 0.877102 0.121711 0.0228436 0.0372807
0 0.889529 0.155702 0.0422149 0.0301535
0 0.554459 0.118832 0.0193713 0.0523575
0 0.735563 0.371162 0.0193713 0.0416667
0 0.629203 0.257401 0.0230263 0.0504386
0 0.896107 0.244518 0.0206506 0.0586623
0 0.389254 0.373081 0.0347222 0.0460526
0 0.195906 0.180236 0.0325292 0.0205592
0 0.607822 0.122807 0.0215643 0.0586623
0 0.42553 0.193942 0.0184576 0.042489
0 0.98401 0.364446 0.026133 0.0567434
0 0.23273 0.180373 0.0148026 0.0361842
0 0.787281 0.177769 0.0193713 0.0413925
0 0.219846 0.235197 0.0160819 0.0372807
0 0.978984 0.230811 0.0328947 0.0460526
0 0.933662 0.226974 0.0226608 0.0559211
0 0.280154 0.248492 0.0190058 0.0534539
0 0.318348 0.893229 0.0299708 0.0282346
0 0.717288 0.224232 0.0248538 0.0531798
0 0.750548 0.0988213 0.0211988 0.0419408
0 0.974781 0.170779 0.0222953 0.0400219
0 0.505117 0.2108 0.0259503 0.0548246
0 0.392727 0.189145 0.0179094 0.0509868
0 0.697734 0.295916 0.0179094 0.0545504
0 0.362847 0.212308 0.0210161 0.0441338
0 0.77458 0.16187 0.0221126 0.0441338
0 0.787007 0.337993 0.027595 0.0657895
0 0.636605 0.31949 0.0169956 0.0435855
0 0.252284 0.380208 0.0195541 0.0553728
0 0.68284 0.131442 0.0221126 0.0348136
0 0.278966 0.204907 0.0191886 0.0386513
0 0.317617 0.184348 0.0175439 0.0320724
0 0.89958 0.125822 0.0202851 0.0422149
0 0.478893 0.279742 0.031981 0.0249452
0 0.571912 0.231223 0.0243056 0.0540022
0 0.891904 0.343887 0.0264985 0.0649671
0 0.653874 0.235471 0.0263158 0.0449561
0 0.503289 0.25795 0.0190058 0.0564693
0 0.421235 0.106497 0.0201023 0.0561952
0 0.65424 0.38761 0.0201023 0.0559211
0 0.875822 0.258909 0.0191886 0.0529057
0 0.842471 0.075932 0.0222953 0.0548246
0 0.788469 0.396382 0.0195541 0.0378289
0 0.886879 0.294271 0.0478801 0.049068
0 0.709338 0.437911 0.0169956 0.0441338
0 0.571272 0.301672 0.0211988 0.0578399
0 0.358004 0.268914 0.0230263 0.0564693
0 0.917032 0.370066 0.0160819 0.0378289
0 0.970486 0.215049 0.0235746 0.0457785
0 0.26261 0.183525 0.0168129 0.0353618
0 0.470852 0.373492 0.0199196 0.0523575
0 0.468293 0.128289 0.0188231 0.0394737
0 0.433388 0.155291 0.0224781 0.042489
0 0.4608 0.239172 0.0166301 0.0375548
0 0.949653 0.219984 0.0195541 0.051261
0 0.732456 0.405839 0.0354532 0.0567434
0 0.715095 0.10307 0.0230263 0.0394737
0 0.664474 0.170367 0.0336257 0.0337171
0 0.379843 0.300302 0.0184576 0.0386513
0 0.326206 0.145833 0.0175439 0.0548246
0 0.304276 0.195861 0.0127924 0.0293311
0 0.25265 0.250274 0.0301535 0.0460526
0 0.382127 0.330592 0.0266813 0.0471491
0 0.98602 0.146107 0.0279605 0.0553728
0 0.785819 0.204907 0.0350877 0.0331689
0 0.583516 0.390214 0.0270468 0.0583882
0 0.919134 0.119243 0.0177266 0.0449561
0 0.634777 0.103481 0.0166301 0.0397478
0 0.587811 0.246025 0.0133406 0.0326206
0 0.74205 0.245066 0.0191886 0.0498904
0 0.407712 0.173109 0.0208333 0.0386513
0 0.187409 0.253427 0.0239401 0.0523575
0 0.441064 0.33676 0.0206506 0.0507127
0 0.759868 0.40159 0.0164474 0.0433114
0 0.503472 0.0977248 0.0157164 0.0534539
0 0.376645 0.254249 0.0146199 0.0320724
0 0.687317 0.357182 0.0182749 0.0444079
0 0.574836 0.152549 0.0177266 0.0413925
0 0.679276 0.303591 0.0186404 0.044682
0 0.602705 0.260965 0.0211988 0.0592105
0 0.859284 0.0878564 0.0398392 0.0413925
0 0.791849 0.246025 0.0164474 0.0430373
0 0.264803 0.38199 0.0201023 0.0463268
0 0.652869 0.323191 0.0202851 0.0504386
0 0.407438 0.304276 0.0195541 0.0444079
0 0.680738 0.278098 0.0244883 0.0276864
0 0.67023 0.404057 0.0184576 0.0597588
0 0.530062 0.343887 0.0246711 0.0408443
0 0.943896 0.312089 0.0237573 0.0402961
0 0.395742 0.137473 0.0202851 0.042489
0 0.45148 0.137473 0.0180921 0.0457785
0 0.330592 0.269052 0.0186404 0.0534539
0 0.624817 0.395285 0.0230263 0.0482456
0 0.424982 0.277686 0.0173611 0.0482456
0 0.888889 0.0930647 0.0204678 0.049068
0 0.909265 0.0829221 0.0224781 0.0359101
0 0.544317 0.378289 0.0330775 0.0438596
0 0.843933 0.337445 0.0398392 0.0285088
0 0.840369 0.403372 0.026133 0.0435855
0 0.545322 0.320998 0.0204678 0.0383772
0 0.469572 0.0901864 0.0235746 0.0504386
0 0.915113 0.245888 0.0199196 0.0586623
0 0.458973 0.29523 0.0177266 0.0455044
0 0.97871 0.330044 0.034905 0.0520833
0 0.659996 0.0882675 0.0272295 0.0449561
0 0.31451 0.261787 0.0190058 0.0411184
0 0.70276 0.222314 0.0188231 0.0520833
0 0.169408 0.378152 0.0182749 0.0391996
0 0.413925 0.153646 0.0179094 0.0534539
0 0.44883 0.0853893 0.0193713 0.0452303
0 0.563688 0.377193 0.0195541 0.0520833
0 0.29258 0.161184 0.0277778 0.0416667
0 0.348136 0.193257 0.0244883 0.0405702
0 0.508041 0.320038 0.0186404 0.0435855
0 0.815698 0.29619 0.0433114 0.0304276
0 0.741685 0.281524 0.0232091 0.0438596
0 0.881213 0.355811 0.0186404 0.0498904
0 0.408443 0.204633 0.0168129 0.044682
0 0.914017 0.521656 0.0169956 0.0350877
0 0.758406 0.319764 0.0157164 0.0457785
0 0.725512 0.561678 0.0186404 0.0350877
0 0.1536 0.261513 0.0345395 0.03125
0 0.397295 0.237664 0.0168129 0.0400219
0 0.985746 0.0708607 0.0186404 0.0507127
0 0.697734 0.103344 0.0215643 0.0493421
0 0.536458 0.126919 0.0184576 0.0520833
0 0.936404 0.362802 0.0376462 0.049068
0 0.496345 0.402549 0.0211988 0.0320724
0 0.648118 0.00918311 0.0352705 0.0183662
0 0.812409 0.143777 0.0111477 0.0304276
0 0.51928 0.36801 0.025402 0.0430373
0 0.373264 0.231634 0.0191886 0.03125
0 0.529514 0.179276 0.034905 0.0230263
0 0.23008 0.205866 0.0146199 0.0252193
0 0.921418 0.184896 0.0248538 0.0413925
0 0.483735 0.211486 0.0241228 0.0402961
0 0.344115 0.269189 0.0168129 0.0433114
0 0.558754 0.347314 0.0425804 0.0257675
0 0.592379 0.329633 0.0188231 0.0353618
0 0.385234 0.239995 0.0204678 0.0523575
0 0.208516 0.204496 0.0160819 0.0202851
0 0.685307 0.171875 0.0124269 0.0191886
0 0.609101 0.218202 0.0350877 0.0224781
0 0.294225 0.207922 0.0252193 0.0375548
0 0.621436 0.349232 0.0213816 0.0471491
0 0.380848 0.215049 0.0127924 0.0271382
0 0.492507 0.315789 0.0248538 0.0433114
0 0.336257 0.216009 0.0274123 0.0208333
0 0.241776 0.216557 0.0186404 0.033443
0 0.657255 0.114857 0.0107822 0.0213816
0 0.695632 0.142955 0.00968567 0.020011
0 0.707237 0.378015 0.0277778 0.0548246
0 0.397569 0.276042 0.0243056 0.0394737
0 0.61568 0.32045 0.0361842 0.0246711
0 0.950292 0.154057 0.0248538 0.0148026
0 0.823556 0.20614 0.0411184 0.0257675
0 0.277138 0.174616 0.0279605 0.0427632
0 0.641996 0.353207 0.0255848 0.0293311
0 0.752284 0.377604 0.0279605 0.0479715
0 0.670961 0.101562 0.0155336 0.0287829
0 0.201206 0.193394 0.00913743 0.0161732
0 0.484923 0.179413 0.0360015 0.0243969
0 0.842471 0.178728 0.0402047 0.0246711
0 0.231451 0.231771 0.0202851 0.0463268
0 0.204221 0.241913 0.0250365 0.0381031
0 0.563231 0.0115132 0.0211988 0.0180921
0 0.463359 0.189008 0.032712 0.0260417
0 0.460161 0.212582 0.0182749 0.0304276
0 0.696089 0.188048 0.0266813 0.0285088
0 0.993421 0.109923 0.0131579 0.0383772
0 0.379934 0.183662 0.0168129 0.0493421
0 0.421784 0.344572 0.0241228 0.0411184
0 0.267452 0.226837 0.0228436 0.0364583
0 0.213542 0.187911 0.0199196 0.0238487
0 0.595669 0.163925 0.0301535 0.0372807
0 0.690607 0.165296 0.0387427 0.0279605
0 0.306287 0.242599 0.0230263 0.0389254
0 0.686221 0.208882 0.0233918 0.0405702
0 0.856268 0.122533 0.0221126 0.0345395
0 0.903966 0.309759 0.0155336 0.0296053
0 0.438962 0.111705 0.0237573 0.0402961
0 0.735015 0.0963542 0.0204678 0.0501645
0 0.864035 0.225877 0.0215643 0.0542763
0 0.745157 0.349507 0.0195541 0.0378289
0 0.5286 0.311129 0.0221126 0.0389254
0 0.665205 0.315652 0.0190058 0.0529057
0 0.50265 0.160499 0.0308845 0.0216557
0 0.550347 0.17489 0.025402 0.0487939
0 0.987756 0.193805 0.0219298 0.0383772
0 0.73008 0.337856 0.0255848 0.0523575
0 0.770285 0.390214 0.0182749 0.0534539
0 0.827029 0.248081 0.0243056 0.0455044
0 0.531981 0.235471 0.0190058 0.0487939
0 0.253838 0.217516 0.0113304 0.0233004
0 0.558297 0.250959 0.0190058 0.0375548
0 0.25402 0.199698 0.0168129 0.0353618
0 0.545779 0.213542 0.0414839 0.0257675
0 0.931561 0.332237 0.0232091 0.0339912
0 0.673246 0.191064 0.0222953 0.0367325
0 0.632127 0.165981 0.0402047 0.0304276
0 0.672606 0.227522 0.0243056 0.0422149
0 0.61367 0.196272 0.0500731 0.0307018
0 0.487299 0.384868 0.0224781 0.0411184
0 0.542855 0.252604 0.0195541 0.0583882
0 0.292398 0.26398 0.0197368 0.0498904
0 0.804825 0.181743 0.0204678 0.0476974
0 0.219664 0.202851 0.0168129 0.026864
0 0.940058 0.0890899 0.0508041 0.029057
0 0.409083 0.372533 0.0224781 0.0542763
0 0.32712 0.232456 0.0343567 0.0263158
0 0.909174 0.17023 0.0211988 0.0498904
0 0.170687 0.226974 0.0266813 0.0257675
0 0.623538 0.127741 0.0211988 0.0378289
0 0.251096 0.379797 0.0204678 0.0529057
0 0.241502 0.236157 0.0151681 0.0260417
0 0.576846 0.189967 0.0407529 0.0339912
0 0.443074 0.272615 0.0228436 0.0435855
0 0.752741 0.173931 0.0237573 0.0375548
0 0.936221 0.121162 0.0321637 0.0213816
0 0.851608 0.210389 0.0226608 0.0408443
0 0.801352 0.322643 0.0197368 0.0597588
0 0.79057 0.120614 0.0204678 0.0504386
0 0.149123 0.230537 0.0219298 0.0191886
0 0.756853 0.212993 0.0414839 0.0427632
0 0.29057 0.385417 0.0204678 0.0564693
0 0.934667 0.141036 0.0345395 0.0243969
0 0.488487 0.245888 0.0193713 0.0466009
0 0.990863 0.242736 0.0171784 0.0243969
0 0.822186 0.388158 0.0182749 0.0378289
0 0.928271 0.27193 0.0411184 0.0400219
0 0.743238 0.317434 0.0252193 0.0482456
0 0.518823 0.227659 0.0182749 0.0485197
0 0.378015 0.114583 0.028326 0.0444079
0 0.657986 0.134046 0.0202851 0.0422149
0 0.46473 0.32648 0.0339912 0.0575658
0 0.192526 0.206963 0.0173611 0.0317982
0 0.953125 0.105537 0.034174 0.0219298
0 0.592836 0.356086 0.0153509 0.0339912
0 0.812317 0.245888 0.0193713 0.0526316
0 0.834156 0.143092 0.0235746 0.0449561
0 0.515168 0.27892 0.0307018 0.0534539
0 0.865132 0.29057 0.0182749 0.0575658
0 0.736385 0.141584 0.0246711 0.0375548
0 0.776042 0.110471 0.0199196 0.0542763
0 0.892909 0.196546 0.0201023 0.0548246
0 0.811495 0.11568 0.034174 0.0433114
0 0.872898 0.192297 0.026133 0.0540022
0 0.426809 0.397615 0.0469664 0.0265899
0 0.848593 0.145148 0.0191886 0.051261
0 0.650128 0.272889 0.026133 0.049068
0 0.731542 0.192023 0.0186404 0.0441338
0 0.780519 0.247122 0.0182749 0.0572917
0 0.715004 0.326891 0.0202851 0.0452303
0 0.489949 0.0993695 0.0182749 0.049068
0 0.537463 0.19682 0.0347222 0.0202851
0 0.515534 0.130482 0.0299708 0.0438596
0 0.966557 0.0675713 0.0211988 0.0540022
0 0.718476 0.142133 0.0232091 0.0441338
0 0.506305 0.382812 0.0239401 0.044682
0 0.275676 0.503427 0.0166301 0.0441338
0 0.438048 0.226014 0.0149854 0.0348136
0 0.608187 0.353755 0.0204678 0.0452303
0 0.171601 0.2071 0.0350877 0.0271382
0 0.758132 0.260554 0.0188231 0.0501645
0 0.581506 0.119243 0.0168129 0.0466009
0 0.948282 0.18517 0.0427632 0.0430373
0 0.647844 0.202303 0.0281433 0.0372807
0 0.343567 0.132127 0.0208333 0.0570175
0 0.822003 0.0853893 0.0226608 0.0627741
0 0.758315 0.131031 0.0243056 0.0476974
0 0.799342 0.147615 0.0252193 0.0337171
0 0.457054 0.163925 0.0358187 0.0372807
0 0.843385 0.249863 0.0208333 0.0578399
0 0.448739 0.216968 0.0137061 0.0293311
0 0.803363 0.381579 0.0394737 0.035636
0 0.81917 0.157484 0.0188231 0.0452303
0 0.365497 0.162966 0.0186404 0.0529057
0 0.546418 0.296327 0.0321637 0.0224781
0 0.906615 0.345669 0.0175439 0.0394737
0 0.642909 0.135828 0.0296053 0.0287829
0 0.400676 0.0922423 0.0199196 0.0381031
0 0.95011 0.337719 0.0197368 0.0383772
0 0.247442 0.177632 0.0186404 0.0389254
0 0.480446 0.14926 0.0266813 0.0534539
0 0.877102 0.121711 0.0228436 0.0372807
0 0.889529 0.155702 0.0422149 0.0301535
0 0.554459 0.118832 0.0193713 0.0523575
0 0.735563 0.371162 0.0193713 0.0416667
0 0.629203 0.257401 0.0230263 0.0504386
0 0.896107 0.244518 0.0206506 0.0586623
0 0.389254 0.373081 0.0347222 0.0460526
0 0.195906 0.180236 0.0325292 0.0205592
0 0.607822 0.122807 0.0215643 0.0586623
0 0.42553 0.193942 0.0184576 0.042489
0 0.98401 0.364446 0.026133 0.0567434
0 0.23273 0.180373 0.0148026 0.0361842
0 0.787281 0.177769 0.0193713 0.0413925
0 0.219846 0.235197 0.0160819 0.0372807
0 0.933662 0.226974 0.0226608 0.0559211
0 0.280154 0.248492 0.0190058 0.0534539
0 0.318348 0.893229 0.0299708 0.0282346
0 0.717288 0.224232 0.0248538 0.0531798
0 0.750548 0.0988213 0.0211988 0.0419408
0 0.974781 0.170779 0.0222953 0.0400219
0 0.505117 0.2108 0.0259503 0.0548246
0 0.392727 0.189145 0.0179094 0.0509868
0 0.697734 0.295916 0.0179094 0.0545504
0 0.362847 0.212308 0.0210161 0.0441338
0 0.77458 0.16187 0.0221126 0.0441338
0 0.787007 0.337993 0.027595 0.0657895
0 0.636605 0.31949 0.0169956 0.0435855
0 0.68284 0.131442 0.0221126 0.0348136
0 0.278966 0.204907 0.0191886 0.0386513
0 0.317617 0.184348 0.0175439 0.0320724
0 0.89958 0.125822 0.0202851 0.0422149
0 0.478893 0.279742 0.031981 0.0249452
0 0.571912 0.231223 0.0243056 0.0540022
0 0.653874 0.235471 0.0263158 0.0449561
0 0.503289 0.25795 0.0190058 0.0564693
0 0.421235 0.106497 0.0201023 0.0561952
0 0.65424 0.38761 0.0201023 0.0559211
0 0.875822 0.258909 0.0191886 0.0529057
0 0.788469 0.396382 0.0195541 0.0378289
0 0.886879 0.294271 0.0478801 0.049068
0 0.709338 0.437911 0.0169956 0.0441338
0 0.571272 0.301672 0.0211988 0.0578399
0 0.358004 0.268914 0.0230263 0.0564693
0 0.917032 0.370066 0.0160819 0.0378289
0 0.970486 0.215049 0.0235746 0.0457785
0 0.26261 0.183525 0.0168129 0.0353618
0 0.470852 0.373492 0.0199196 0.0523575
0 0.468293 0.128289 0.0188231 0.0394737
0 0.433388 0.155291 0.0224781 0.042489
0 0.4608 0.239172 0.0166301 0.0375548
0 0.949653 0.219984 0.0195541 0.051261
0 0.732456 0.405839 0.0354532 0.0567434
0 0.715095 0.10307 0.0230263 0.0394737
0 0.664474 0.170367 0.0336257 0.0337171
0 0.379843 0.300302 0.0184576 0.0386513
0 0.326206 0.145833 0.0175439 0.0548246
0 0.304276 0.195861 0.0127924 0.0293311
0 0.25265 0.250274 0.0301535 0.0460526
0 0.382127 0.330592 0.0266813 0.0471491
0 0.98602 0.146107 0.0279605 0.0553728
0 0.785819 0.204907 0.0350877 0.0331689
0 0.583516 0.390214 0.0270468 0.0583882
0 0.919134 0.119243 0.0177266 0.0449561
0 0.634777 0.103481 0.0166301 0.0397478
0 0.587811 0.246025 0.0133406 0.0326206
0 0.74205 0.245066 0.0191886 0.0498904
0 0.187409 0.253427 0.0239401 0.0523575
0 0.441064 0.33676 0.0206506 0.0507127
0 0.759868 0.40159 0.0164474 0.0433114
0 0.503472 0.0977248 0.0157164 0.0534539
0 0.376645 0.254249 0.0146199 0.0320724
0 0.687317 0.357182 0.0182749 0.0444079
0 0.574836 0.152549 0.0177266 0.0413925
0 0.679276 0.303591 0.0186404 0.044682
0 0.602705 0.260965 0.0211988 0.0592105
0 0.859284 0.0878564 0.0398392 0.0413925
0 0.791849 0.246025 0.0164474 0.0430373
0 0.264803 0.38199 0.0201023 0.0463268
0 0.652869 0.323191 0.0202851 0.0504386
0 0.407438 0.304276 0.0195541 0.0444079
0 0.680738 0.278098 0.0244883 0.0276864
0 0.67023 0.404057 0.0184576 0.0597588
0 0.530062 0.343887 0.0246711 0.0408443
0 0.943896 0.312089 0.0237573 0.0402961
0 0.395742 0.137473 0.0202851 0.042489
0 0.45148 0.137473 0.0180921 0.0457785
0 0.330592 0.269052 0.0186404 0.0534539
0 0.624817 0.395285 0.0230263 0.0482456
0 0.424982 0.277686 0.0173611 0.0482456
0 0.888889 0.0930647 0.0204678 0.049068
0 0.909265 0.0829221 0.0224781 0.0359101
0 0.544317 0.378289 0.0330775 0.0438596
0 0.843933 0.337445 0.0398392 0.0285088
0 0.840369 0.403372 0.026133 0.0435855
0 0.545322 0.320998 0.0204678 0.0383772
0 0.469572 0.0901864 0.0235746 0.0504386
0 0.915113 0.245888 0.0199196 0.0586623
0 0.458973 0.29523 0.0177266 0.0455044
0 0.97871 0.330044 0.034905 0.0520833
0 0.659996 0.0882675 0.0272295 0.0449561
0 0.31451 0.261787 0.0190058 0.0411184
0 0.70276 0.222314 0.0188231 0.0520833
0 0.169408 0.378152 0.0182749 0.0391996
0 0.413925 0.153646 0.0179094 0.0534539
0 0.44883 0.0853893 0.0193713 0.0452303
0 0.563688 0.377193 0.0195541 0.0520833
0 0.29258 0.161184 0.0277778 0.0416667
0 0.348136 0.193257 0.0244883 0.0405702
0 0.508041 0.320038 0.0186404 0.0435855
0 0.815698 0.29619 0.0433114 0.0304276
0 0.741685 0.281524 0.0232091 0.0438596
0 0.881213 0.355811 0.0186404 0.0498904
0 0.408443 0.204633 0.0168129 0.044682
0 0.914017 0.521656 0.0169956 0.0350877
0 0.758406 0.319764 0.0157164 0.0457785
0 0.725512 0.561678 0.0186404 0.0350877
0 0.1536 0.261513 0.0345395 0.03125
0 0.397295 0.237664 0.0168129 0.0400219
0 0.985746 0.0708607 0.0186404 0.0507127
0 0.697734 0.103344 0.0215643 0.0493421
0 0.536458 0.126919 0.0184576 0.0520833
0 0.936404 0.362802 0.0376462 0.049068
0 0.659814 0.109101 0.0257675 0.035636
0 0.648118 0.00918311 0.0352705 0.0183662
0 0.203308 0.187363 0.0177266 0.0216557
0 0.584795 0.339501 0.0237573 0.0342654
0 0.529514 0.179276 0.034905 0.0230263
0 0.8125 0.144052 0.0113304 0.0309759
0 0.193165 0.223547 0.0244883 0.0304276
0 0.23008 0.205866 0.0146199 0.0252193
0 0.762701 0.157072 0.027595 0.0389254
0 0.483735 0.211486 0.0241228 0.0402961
0 0.373355 0.228344 0.0244883 0.0339912
0 0.662007 0.194216 0.0272295 0.0381031
0 0.344115 0.269189 0.0168129 0.0433114
0 0.819901 0.191612 0.0228436 0.0296053
0 0.558754 0.347314 0.0425804 0.0257675
0 0.592379 0.329633 0.0188231 0.0353618
0 0.208516 0.204496 0.0160819 0.0202851
0 0.685307 0.171875 0.0124269 0.0191886
0 0.851517 0.2929 0.0272295 0.0507127
0 0.294225 0.207922 0.0252193 0.0375548
0 0.621436 0.349232 0.0213816 0.0471491
0 0.380848 0.215049 0.0127924 0.0271382
0 0.460709 0.226425 0.0285088 0.0394737
0 0.492507 0.315789 0.0248538 0.0433114
0 0.658991 0.21409 0.0182749 0.0394737
0 0.629477 0.173931 0.029788 0.0452303
0 0.324653 0.200521 0.0323465 0.0293311
0 0.59311 0.142681 0.0257675 0.0408443
0 0.657255 0.114857 0.0107822 0.0213816
0 0.695632 0.142955 0.00968567 0.020011
0 0.707237 0.378015 0.0277778 0.0548246
0 0.912007 0.329633 0.0221126 0.042489
0 0.497898 0.396519 0.0213816 0.0413925
0 0.833333 0.38761 0.0179094 0.0438596
0 0.397569 0.276042 0.0243056 0.0394737
0 0.563871 0.137747 0.026133 0.0474232
0 0.796784 0.396245 0.0186404 0.0254934
0 0.61568 0.32045 0.0361842 0.0246711
0 0.950292 0.154057 0.0248538 0.0148026
0 0.823556 0.20614 0.0411184 0.0257675
0 0.620614 0.158991 0.0263158 0.0208333
0 0.641996 0.353207 0.0255848 0.0293311
0 0.752284 0.377604 0.0279605 0.0479715
0 0.201206 0.193394 0.00913743 0.0161732
0 0.608918 0.213953 0.0434942 0.0271382
0 0.484923 0.179413 0.0360015 0.0243969
0 0.842471 0.178728 0.0402047 0.0246711
0 0.231451 0.231771 0.0202851 0.0463268
0 0.207968 0.235609 0.0197368 0.0331689
0 0.563231 0.0115132 0.0211988 0.0180921
0 0.463359 0.189008 0.032712 0.0260417
0 0.704404 0.312774 0.0188231 0.0455044
0 0.385965 0.24301 0.0204678 0.044682
0 0.460161 0.212582 0.0182749 0.0304276
0 0.696089 0.188048 0.0266813 0.0285088
0 0.775128 0.358827 0.0323465 0.0586623
0 0.993421 0.109923 0.0131579 0.0383772
0 0.379934 0.183662 0.0168129 0.0493421
0 0.421784 0.344572 0.0241228 0.0411184
0 0.919773 0.184073 0.0252193 0.0550987
0 0.267452 0.226837 0.0228436 0.0364583
0 0.213542 0.187911 0.0199196 0.0238487
0 0.871711 0.165707 0.0274123 0.0457785
0 0.595669 0.163925 0.0301535 0.0372807
0 0.690607 0.165296 0.0387427 0.0279605
0 0.306287 0.242599 0.0230263 0.0389254
0 0.686221 0.208882 0.0233918 0.0405702
0 0.903966 0.309759 0.0155336 0.0296053
0 0.708333 0.158854 0.0263158 0.0430373
0 0.438962 0.111705 0.0237573 0.0402961
0 0.735015 0.0963542 0.0204678 0.0501645
0 0.864035 0.225877 0.0215643 0.0542763
0 0.745157 0.349507 0.0195541 0.0378289
0 0.927266 0.302495 0.0500731 0.0348136
0 0.5286 0.311129 0.0221126 0.0389254
0 0.50265 0.160499 0.0308845 0.0216557
0 0.550347 0.17489 0.025402 0.0487939
0 0.987756 0.193805 0.0219298 0.0383772
0 0.73008 0.337856 0.0255848 0.0523575
0 0.827029 0.248081 0.0243056 0.0455044
0 0.339912 0.222862 0.0361842 0.0263158
0 0.531981 0.235471 0.0190058 0.0487939
0 0.253838 0.217516 0.0113304 0.0233004
0 0.558297 0.250959 0.0190058 0.0375548
0 0.25402 0.199698 0.0168129 0.0353618
0 0.545779 0.213542 0.0414839 0.0257675
0 0.931561 0.332237 0.0232091 0.0339912
0 0.672606 0.227522 0.0243056 0.0422149
0 0.61367 0.196272 0.0500731 0.0307018
0 0.664931 0.319764 0.0202851 0.0561952
0 0.487299 0.384868 0.0224781 0.0411184
0 0.241502 0.221354 0.0180921 0.0326206
0 0.201206 0.247944 0.0237573 0.0375548
0 0.170322 0.258087 0.0380117 0.0441338
0 0.542855 0.252604 0.0195541 0.0583882
0 0.292398 0.26398 0.0197368 0.0498904
0 0.804825 0.181743 0.0204678 0.0476974
0 0.219664 0.202851 0.0168129 0.026864
0 0.67224 0.189008 0.0180921 0.0391996
0 0.619974 0.376508 0.025402 0.0463268
0 0.940058 0.0890899 0.0508041 0.029057
0 0.409083 0.372533 0.0224781 0.0542763
0 0.32712 0.232456 0.0343567 0.0263158
0 0.81186 0.368832 0.0272295 0.0320724
0 0.909174 0.17023 0.0211988 0.0498904
0 0.170687 0.226974 0.0266813 0.0257675
0 0.623538 0.127741 0.0211988 0.0378289
0 0.64629 0.170916 0.0323465 0.0353618
0 0.770925 0.392955 0.0246711 0.0452303
0 0.365771 0.258361 0.0169956 0.044682
0 0.241502 0.236157 0.0151681 0.0260417
0 0.576846 0.189967 0.0407529 0.0339912
0 0.443074 0.272615 0.0228436 0.0435855
0 0.768458 0.230537 0.0219298 0.0592105
0 0.752741 0.173931 0.0237573 0.0375548
0 0.936221 0.121162 0.0321637 0.0213816
0 0.965004 0.195861 0.0217471 0.0413925
0 0.278874 0.174205 0.0307018 0.0463268
0 0.851608 0.210389 0.0226608 0.0408443
0 0.79057 0.120614 0.0204678 0.0504386
0 0.74205 0.184485 0.0213816 0.0537281
0 0.149123 0.230537 0.0219298 0.0191886
0 0.671144 0.0989583 0.0184576 0.0411184
0 0.756853 0.212993 0.0414839 0.0427632
0 0.29057 0.385417 0.0204678 0.0564693
0 0.934667 0.141036 0.0345395 0.0243969
0 0.488487 0.245888 0.0193713 0.0466009
0 0.990863 0.242736 0.0171784 0.0243969
0 0.822186 0.388158 0.0182749 0.0378289
0 0.928271 0.27193 0.0411184 0.0400219
0 0.743238 0.317434 0.0252193 0.0482456
0 0.576754 0.21313 0.0398392 0.0342654
0 0.518823 0.227659 0.0182749 0.0485197
0 0.644097 0.379386 0.0221126 0.058114
0 0.517452 0.375822 0.0272295 0.0542763
0 0.378015 0.114583 0.028326 0.0444079
0 0.9767 0.298383 0.0385599 0.0561952
0 0.46473 0.32648 0.0339912 0.0575658
0 0.192526 0.206963 0.0173611 0.0317982
0 0.953125 0.105537 0.034174 0.0219298
0 0.592836 0.356086 0.0153509 0.0339912
0 0.800164 0.324561 0.0235746 0.0466009
0 0.812317 0.245888 0.0193713 0.0526316
0 0.857182 0.123218 0.032712 0.0370066
0 0.834156 0.143092 0.0235746 0.0449561
0 0.865132 0.29057 0.0182749 0.0575658
0 0.736385 0.141584 0.0246711 0.0375548
0 0.776042 0.110471 0.0199196 0.0542763
0 0.892909 0.196546 0.0201023 0.0548246
0 0.811495 0.11568 0.034174 0.0433114
0 0.872898 0.192297 0.026133 0.0540022
0 0.426809 0.397615 0.0469664 0.0265899
0 0.848593 0.145148 0.0191886 0.051261
0 0.650128 0.272889 0.026133 0.049068
0 0.731542 0.192023 0.0186404 0.0441338
0 0.658534 0.135554 0.0239401 0.0381031
0 0.780519 0.247122 0.0182749 0.0572917
0 0.715004 0.326891 0.0202851 0.0452303
0 0.489949 0.0993695 0.0182749 0.049068
0 0.537463 0.19682 0.0347222 0.0202851
0 0.431287 0.209567 0.0208333 0.0441338
0 0.515534 0.130482 0.0299708 0.0438596
0 0.612664 0.253289 0.0235746 0.0630482
0 0.393732 0.3358 0.0243056 0.0515351
0 0.966557 0.0675713 0.0211988 0.0540022
0 0.718476 0.142133 0.0232091 0.0441338
0 0.506305 0.382812 0.0239401 0.044682
0 0.275676 0.503427 0.0166301 0.0441338
0 0.438048 0.226014 0.0149854 0.0348136
0 0.608187 0.353755 0.0204678 0.0452303
0 0.51526 0.279057 0.034174 0.0515351
0 0.171601 0.2071 0.0350877 0.0271382
0 0.758132 0.260554 0.0188231 0.0501645
0 0.581506 0.119243 0.0168129 0.0466009
0 0.948282 0.18517 0.0427632 0.0430373
0 0.647844 0.202303 0.0281433 0.0372807
0 0.343567 0.132127 0.0208333 0.0570175
0 0.822003 0.0853893 0.0226608 0.0627741
0 0.758315 0.131031 0.0243056 0.0476974
0 0.799342 0.147615 0.0252193 0.0337171
0 0.457054 0.163925 0.0358187 0.0372807
0 0.843385 0.249863 0.0208333 0.0578399
0 0.448739 0.216968 0.0137061 0.0293311
0 0.803363 0.381579 0.0394737 0.035636
0 0.81917 0.157484 0.0188231 0.0452303
0 0.365497 0.162966 0.0186404 0.0529057
0 0.546418 0.296327 0.0321637 0.0224781
0 0.906615 0.345669 0.0175439 0.0394737
0 0.636148 0.23835 0.0175439 0.0479715
0 0.642909 0.135828 0.0296053 0.0287829
0 0.400676 0.0922423 0.0199196 0.0381031
0 0.95011 0.337719 0.0197368 0.0383772
0 0.247442 0.177632 0.0186404 0.0389254
0 0.480446 0.14926 0.0266813 0.0534539
0 0.877102 0.121711 0.0228436 0.0372807
0 0.889529 0.155702 0.0422149 0.0301535
0 0.554459 0.118832 0.0193713 0.0523575
0 0.735563 0.371162 0.0193713 0.0416667
0 0.629203 0.257401 0.0230263 0.0504386
0 0.896107 0.244518 0.0206506 0.0586623
0 0.389254 0.373081 0.0347222 0.0460526
0 0.195906 0.180236 0.0325292 0.0205592
0 0.607822 0.122807 0.0215643 0.0586623
0 0.42553 0.193942 0.0184576 0.042489
0 0.98401 0.364446 0.026133 0.0567434
0 0.23273 0.180373 0.0148026 0.0361842
0 0.787281 0.177769 0.0193713 0.0413925
0 0.219846 0.235197 0.0160819 0.0372807
0 0.978984 0.230811 0.0328947 0.0460526
0 0.933662 0.226974 0.0226608 0.0559211
0 0.280154 0.248492 0.0190058 0.0534539
0 0.318348 0.893229 0.0299708 0.0282346
0 0.717288 0.224232 0.0248538 0.0531798
0 0.750548 0.0988213 0.0211988 0.0419408
0 0.974781 0.170779 0.0222953 0.0400219
0 0.505117 0.2108 0.0259503 0.0548246
0 0.392727 0.189145 0.0179094 0.0509868
0 0.697734 0.295916 0.0179094 0.0545504
0 0.362847 0.212308 0.0210161 0.0441338
0 0.77458 0.16187 0.0221126 0.0441338
0 0.787007 0.337993 0.027595 0.0657895
0 0.636605 0.31949 0.0169956 0.0435855
0 0.252284 0.380208 0.0195541 0.0553728
0 0.68284 0.131442 0.0221126 0.0348136
0 0.278966 0.204907 0.0191886 0.0386513
0 0.317617 0.184348 0.0175439 0.0320724
0 0.89958 0.125822 0.0202851 0.0422149
0 0.478893 0.279742 0.031981 0.0249452
0 0.571912 0.231223 0.0243056 0.0540022
0 0.891904 0.343887 0.0264985 0.0649671
0 0.653874 0.235471 0.0263158 0.0449561
0 0.503289 0.25795 0.0190058 0.0564693
0 0.421235 0.106497 0.0201023 0.0561952
0 0.65424 0.38761 0.0201023 0.0559211
0 0.875822 0.258909 0.0191886 0.0529057
0 0.842471 0.075932 0.0222953 0.0548246
0 0.788469 0.396382 0.0195541 0.0378289
0 0.886879 0.294271 0.0478801 0.049068
0 0.709338 0.437911 0.0169956 0.0441338
0 0.571272 0.301672 0.0211988 0.0578399
0 0.358004 0.268914 0.0230263 0.0564693
0 0.917032 0.370066 0.0160819 0.0378289
0 0.970486 0.215049 0.0235746 0.0457785
0 0.26261 0.183525 0.0168129 0.0353618
0 0.470852 0.373492 0.0199196 0.0523575
0 0.468293 0.128289 0.0188231 0.0394737
0 0.433388 0.155291 0.0224781 0.042489
0 0.4608 0.239172 0.0166301 0.0375548
0 0.949653 0.219984 0.0195541 0.051261
0 0.732456 0.405839 0.0354532 0.0567434
0 0.715095 0.10307 0.0230263 0.0394737
0 0.664474 0.170367 0.0336257 0.0337171
0 0.379843 0.300302 0.0184576 0.0386513
0 0.326206 0.145833 0.0175439 0.0548246
0 0.304276 0.195861 0.0127924 0.0293311
0 0.25265 0.250274 0.0301535 0.0460526
0 0.382127 0.330592 0.0266813 0.0471491
0 0.98602 0.146107 0.0279605 0.0553728
0 0.785819 0.204907 0.0350877 0.0331689
0 0.583516 0.390214 0.0270468 0.0583882
0 0.919134 0.119243 0.0177266 0.0449561
0 0.634777 0.103481 0.0166301 0.0397478
0 0.587811 0.246025 0.0133406 0.0326206
0 0.74205 0.245066 0.0191886 0.0498904
0 0.407712 0.173109 0.0208333 0.0386513
0 0.187409 0.253427 0.0239401 0.0523575
0 0.441064 0.33676 0.0206506 0.0507127
0 0.759868 0.40159 0.0164474 0.0433114
0 0.503472 0.0977248 0.0157164 0.0534539
0 0.376645 0.254249 0.0146199 0.0320724
0 0.687317 0.357182 0.0182749 0.0444079
0 0.574836 0.152549 0.0177266 0.0413925
0 0.679276 0.303591 0.0186404 0.044682
0 0.602705 0.260965 0.0211988 0.0592105
0 0.859284 0.0878564 0.0398392 0.0413925
0 0.791849 0.246025 0.0164474 0.0430373
0 0.264803 0.38199 0.0201023 0.0463268
0 0.652869 0.323191 0.0202851 0.0504386
0 0.407438 0.304276 0.0195541 0.0444079
0 0.680738 0.278098 0.0244883 0.0276864
0 0.67023 0.404057 0.0184576 0.0597588
0 0.530062 0.343887 0.0246711 0.0408443
0 0.943896 0.312089 0.0237573 0.0402961
0 0.395742 0.137473 0.0202851 0.042489
0 0.45148 0.137473 0.0180921 0.0457785
0 0.330592 0.269052 0.0186404 0.0534539
0 0.624817 0.395285 0.0230263 0.0482456
0 0.424982 0.277686 0.0173611 0.0482456
0 0.888889 0.0930647 0.0204678 0.049068
0 0.909265 0.0829221 0.0224781 0.0359101
0 0.544317 0.378289 0.0330775 0.0438596
0 0.843933 0.337445 0.0398392 0.0285088
0 0.840369 0.403372 0.026133 0.0435855
0 0.545322 0.320998 0.0204678 0.0383772
0 0.469572 0.0901864 0.0235746 0.0504386
0 0.915113 0.245888 0.0199196 0.0586623
0 0.458973 0.29523 0.0177266 0.0455044
0 0.97871 0.330044 0.034905 0.0520833
0 0.659996 0.0882675 0.0272295 0.0449561
0 0.31451 0.261787 0.0190058 0.0411184
0 0.70276 0.222314 0.0188231 0.0520833
0 0.169408 0.378152 0.0182749 0.0391996
0 0.413925 0.153646 0.0179094 0.0534539
0 0.44883 0.0853893 0.0193713 0.0452303
0 0.563688 0.377193 0.0195541 0.0520833
0 0.29258 0.161184 0.0277778 0.0416667
0 0.348136 0.193257 0.0244883 0.0405702
0 0.508041 0.320038 0.0186404 0.0435855
0 0.815698 0.29619 0.0433114 0.0304276
0 0.741685 0.281524 0.0232091 0.0438596
0 0.881213 0.355811 0.0186404 0.0498904
0 0.408443 0.204633 0.0168129 0.044682
0 0.914017 0.521656 0.0169956 0.0350877
0 0.758406 0.319764 0.0157164 0.0457785
0 0.725512 0.561678 0.0186404 0.0350877
0 0.1536 0.261513 0.0345395 0.03125
0 0.397295 0.237664 0.0168129 0.0400219
0 0.985746 0.0708607 0.0186404 0.0507127
0 0.697734 0.103344 0.0215643 0.0493421
0 0.536458 0.126919 0.0184576 0.0520833
0 0.936404 0.362802 0.0376462 0.049068
0 0.659814 0.109101 0.0257675 0.035636
0 0.648118 0.00918311 0.0352705 0.0183662
0 0.203308 0.187363 0.0177266 0.0216557
0 0.584795 0.339501 0.0237573 0.0342654
0 0.529514 0.179276 0.034905 0.0230263
0 0.8125 0.144052 0.0113304 0.0309759
0 0.193165 0.223547 0.0244883 0.0304276
0 0.23008 0.205866 0.0146199 0.0252193
0 0.762701 0.157072 0.027595 0.0389254
0 0.483735 0.211486 0.0241228 0.0402961
0 0.373355 0.228344 0.0244883 0.0339912
0 0.662007 0.194216 0.0272295 0.0381031
0 0.344115 0.269189 0.0168129 0.0433114
0 0.819901 0.191612 0.0228436 0.0296053
0 0.558754 0.347314 0.0425804 0.0257675
0 0.592379 0.329633 0.0188231 0.0353618
0 0.208516 0.204496 0.0160819 0.0202851
0 0.685307 0.171875 0.0124269 0.0191886
0 0.851517 0.2929 0.0272295 0.0507127
0 0.294225 0.207922 0.0252193 0.0375548
0 0.621436 0.349232 0.0213816 0.0471491
0 0.380848 0.215049 0.0127924 0.0271382
0 0.460709 0.226425 0.0285088 0.0394737
0 0.492507 0.315789 0.0248538 0.0433114
0 0.658991 0.21409 0.0182749 0.0394737
0 0.629477 0.173931 0.029788 0.0452303
0 0.324653 0.200521 0.0323465 0.0293311
0 0.59311 0.142681 0.0257675 0.0408443
0 0.657255 0.114857 0.0107822 0.0213816
0 0.695632 0.142955 0.00968567 0.020011
0 0.707237 0.378015 0.0277778 0.0548246
0 0.912007 0.329633 0.0221126 0.042489
0 0.497898 0.396519 0.0213816 0.0413925
0 0.833333 0.38761 0.0179094 0.0438596
0 0.397569 0.276042 0.0243056 0.0394737
0 0.563871 0.137747 0.026133 0.0474232
0 0.796784 0.396245 0.0186404 0.0254934
0 0.61568 0.32045 0.0361842 0.0246711
0 0.950292 0.154057 0.0248538 0.0148026
0 0.823556 0.20614 0.0411184 0.0257675
0 0.620614 0.158991 0.0263158 0.0208333
0 0.641996 0.353207 0.0255848 0.0293311
0 0.752284 0.377604 0.0279605 0.0479715
0 0.201206 0.193394 0.00913743 0.0161732
0 0.608918 0.213953 0.0434942 0.0271382
0 0.484923 0.179413 0.0360015 0.0243969
0 0.842471 0.178728 0.0402047 0.0246711
0 0.231451 0.231771 0.0202851 0.0463268
0 0.207968 0.235609 0.0197368 0.0331689
0 0.563231 0.0115132 0.0211988 0.0180921
0 0.463359 0.189008 0.032712 0.0260417
0 0.704404 0.312774 0.0188231 0.0455044
0 0.385965 0.24301 0.0204678 0.044682
0 0.460161 0.212582 0.0182749 0.0304276
0 0.696089 0.188048 0.0266813 0.0285088
0 0.775128 0.358827 0.0323465 0.0586623
0 0.993421 0.109923 0.0131579 0.0383772
0 0.379934 0.183662 0.0168129 0.0493421
0 0.421784 0.344572 0.0241228 0.0411184
0 0.919773 0.184073 0.0252193 0.0550987
0 0.267452 0.226837 0.0228436 0.0364583
0 0.213542 0.187911 0.0199196 0.0238487
0 0.871711 0.165707 0.0274123 0.0457785
0 0.595669 0.163925 0.0301535 0.0372807
0 0.690607 0.165296 0.0387427 0.0279605
0 0.306287 0.242599 0.0230263 0.0389254
0 0.686221 0.208882 0.0233918 0.0405702
0 0.903966 0.309759 0.0155336 0.0296053
0 0.708333 0.158854 0.0263158 0.0430373
0 0.438962 0.111705 0.0237573 0.0402961
0 0.735015 0.0963542 0.0204678 0.0501645
0 0.864035 0.225877 0.0215643 0.0542763
0 0.745157 0.349507 0.0195541 0.0378289
0 0.927266 0.302495 0.0500731 0.0348136
0 0.5286 0.311129 0.0221126 0.0389254
0 0.50265 0.160499 0.0308845 0.0216557
0 0.550347 0.17489 0.025402 0.0487939
0 0.987756 0.193805 0.0219298 0.0383772
0 0.73008 0.337856 0.0255848 0.0523575
0 0.827029 0.248081 0.0243056 0.0455044
0 0.339912 0.222862 0.0361842 0.0263158
0 0.531981 0.235471 0.0190058 0.0487939
0 0.253838 0.217516 0.0113304 0.0233004
0 0.558297 0.250959 0.0190058 0.0375548
0 0.25402 0.199698 0.0168129 0.0353618
0 0.545779 0.213542 0.0414839 0.0257675
0 0.931561 0.332237 0.0232091 0.0339912
0 0.672606 0.227522 0.0243056 0.0422149
0 0.61367 0.196272 0.0500731 0.0307018
0 0.664931 0.319764 0.0202851 0.0561952
0 0.487299 0.384868 0.0224781 0.0411184
0 0.241502 0.221354 0.0180921 0.0326206
0 0.201206 0.247944 0.0237573 0.0375548
0 0.170322 0.258087 0.0380117 0.0441338
0 0.542855 0.252604 0.0195541 0.0583882
0 0.292398 0.26398 0.0197368 0.0498904
0 0.804825 0.181743 0.0204678 0.0476974
0 0.219664 0.202851 0.0168129 0.026864
0 0.67224 0.189008 0.0180921 0.0391996
0 0.619974 0.376508 0.025402 0.0463268
0 0.940058 0.0890899 0.0508041 0.029057
0 0.409083 0.372533 0.0224781 0.0542763
0 0.32712 0.232456 0.0343567 0.0263158
0 0.81186 0.368832 0.0272295 0.0320724
0 0.909174 0.17023 0.0211988 0.0498904
0 0.170687 0.226974 0.0266813 0.0257675
0 0.623538 0.127741 0.0211988 0.0378289
0 0.64629 0.170916 0.0323465 0.0353618
0 0.770925 0.392955 0.0246711 0.0452303
0 0.365771 0.258361 0.0169956 0.044682
0 0.241502 0.236157 0.0151681 0.0260417
0 0.576846 0.189967 0.0407529 0.0339912
0 0.443074 0.272615 0.0228436 0.0435855
0 0.768458 0.230537 0.0219298 0.0592105
0 0.752741 0.173931 0.0237573 0.0375548
0 0.936221 0.121162 0.0321637 0.0213816
0 0.965004 0.195861 0.0217471 0.0413925
0 0.278874 0.174205 0.0307018 0.0463268
0 0.851608 0.210389 0.0226608 0.0408443
0 0.79057 0.120614 0.0204678 0.0504386
0 0.74205 0.184485 0.0213816 0.0537281
0 0.149123 0.230537 0.0219298 0.0191886
0 0.671144 0.0989583 0.0184576 0.0411184
0 0.756853 0.212993 0.0414839 0.0427632
0 0.29057 0.385417 0.0204678 0.0564693
0 0.934667 0.141036 0.0345395 0.0243969
0 0.488487 0.245888 0.0193713 0.0466009
0 0.990863 0.242736 0.0171784 0.0243969
0 0.822186 0.388158 0.0182749 0.0378289
0 0.928271 0.27193 0.0411184 0.0400219
0 0.743238 0.317434 0.0252193 0.0482456
0 0.576754 0.21313 0.0398392 0.0342654
0 0.518823 0.227659 0.0182749 0.0485197
0 0.644097 0.379386 0.0221126 0.058114
0 0.517452 0.375822 0.0272295 0.0542763
0 0.378015 0.114583 0.028326 0.0444079
0 0.9767 0.298383 0.0385599 0.0561952
0 0.46473 0.32648 0.0339912 0.0575658
0 0.192526 0.206963 0.0173611 0.0317982
0 0.953125 0.105537 0.034174 0.0219298
0 0.592836 0.356086 0.0153509 0.0339912
0 0.800164 0.324561 0.0235746 0.0466009
0 0.812317 0.245888 0.0193713 0.0526316
0 0.857182 0.123218 0.032712 0.0370066
0 0.834156 0.143092 0.0235746 0.0449561
0 0.865132 0.29057 0.0182749 0.0575658
0 0.736385 0.141584 0.0246711 0.0375548
0 0.776042 0.110471 0.0199196 0.0542763
0 0.892909 0.196546 0.0201023 0.0548246
0 0.811495 0.11568 0.034174 0.0433114
0 0.872898 0.192297 0.026133 0.0540022
0 0.426809 0.397615 0.0469664 0.0265899
0 0.848593 0.145148 0.0191886 0.051261
0 0.650128 0.272889 0.026133 0.049068
0 0.731542 0.192023 0.0186404 0.0441338
0 0.658534 0.135554 0.0239401 0.0381031
0 0.780519 0.247122 0.0182749 0.0572917
0 0.715004 0.326891 0.0202851 0.0452303
0 0.489949 0.0993695 0.0182749 0.049068
0 0.537463 0.19682 0.0347222 0.0202851
0 0.431287 0.209567 0.0208333 0.0441338
0 0.515534 0.130482 0.0299708 0.0438596
0 0.612664 0.253289 0.0235746 0.0630482
0 0.393732 0.3358 0.0243056 0.0515351
0 0.966557 0.0675713 0.0211988 0.0540022
0 0.718476 0.142133 0.0232091 0.0441338
0 0.506305 0.382812 0.0239401 0.044682
0 0.275676 0.503427 0.0166301 0.0441338
0 0.438048 0.226014 0.0149854 0.0348136
0 0.608187 0.353755 0.0204678 0.0452303
0 0.51526 0.279057 0.034174 0.0515351
0 0.171601 0.2071 0.0350877 0.0271382
0 0.758132 0.260554 0.0188231 0.0501645
0 0.581506 0.119243 0.0168129 0.0466009
0 0.948282 0.18517 0.0427632 0.0430373
0 0.647844 0.202303 0.0281433 0.0372807
0 0.343567 0.132127 0.0208333 0.0570175
0 0.822003 0.0853893 0.0226608 0.0627741
0 0.758315 0.131031 0.0243056 0.0476974
0 0.799342 0.147615 0.0252193 0.0337171
0 0.457054 0.163925 0.0358187 0.0372807
0 0.843385 0.249863 0.0208333 0.0578399
0 0.448739 0.216968 0.0137061 0.0293311
0 0.803363 0.381579 0.0394737 0.035636
0 0.81917 0.157484 0.0188231 0.0452303
0 0.365497 0.162966 0.0186404 0.0529057
0 0.546418 0.296327 0.0321637 0.0224781
0 0.906615 0.345669 0.0175439 0.0394737
0 0.636148 0.23835 0.0175439 0.0479715
0 0.642909 0.135828 0.0296053 0.0287829
0 0.400676 0.0922423 0.0199196 0.0381031
0 0.95011 0.337719 0.0197368 0.0383772
0 0.247442 0.177632 0.0186404 0.0389254
0 0.480446 0.14926 0.0266813 0.0534539
0 0.877102 0.121711 0.0228436 0.0372807
0 0.889529 0.155702 0.0422149 0.0301535
0 0.554459 0.118832 0.0193713 0.0523575
0 0.735563 0.371162 0.0193713 0.0416667
0 0.629203 0.257401 0.0230263 0.0504386
0 0.896107 0.244518 0.0206506 0.0586623
0 0.389254 0.373081 0.0347222 0.0460526
0 0.195906 0.180236 0.0325292 0.0205592
0 0.607822 0.122807 0.0215643 0.0586623
0 0.42553 0.193942 0.0184576 0.042489
0 0.98401 0.364446 0.026133 0.0567434
0 0.23273 0.180373 0.0148026 0.0361842
0 0.787281 0.177769 0.0193713 0.0413925
0 0.219846 0.235197 0.0160819 0.0372807
0 0.978984 0.230811 0.0328947 0.0460526
0 0.933662 0.226974 0.0226608 0.0559211
0 0.280154 0.248492 0.0190058 0.0534539
0 0.318348 0.893229 0.0299708 0.0282346
0 0.717288 0.224232 0.0248538 0.0531798
0 0.750548 0.0988213 0.0211988 0.0419408
0 0.974781 0.170779 0.0222953 0.0400219
0 0.505117 0.2108 0.0259503 0.0548246
0 0.392727 0.189145 0.0179094 0.0509868
0 0.697734 0.295916 0.0179094 0.0545504
0 0.362847 0.212308 0.0210161 0.0441338
0 0.77458 0.16187 0.0221126 0.0441338
0 0.787007 0.337993 0.027595 0.0657895
0 0.636605 0.31949 0.0169956 0.0435855
0 0.252284 0.380208 0.0195541 0.0553728
0 0.68284 0.131442 0.0221126 0.0348136
0 0.278966 0.204907 0.0191886 0.0386513
0 0.317617 0.184348 0.0175439 0.0320724
0 0.89958 0.125822 0.0202851 0.0422149
0 0.478893 0.279742 0.031981 0.0249452
0 0.571912 0.231223 0.0243056 0.0540022
0 0.891904 0.343887 0.0264985 0.0649671
0 0.653874 0.235471 0.0263158 0.0449561
0 0.503289 0.25795 0.0190058 0.0564693
0 0.421235 0.106497 0.0201023 0.0561952
0 0.65424 0.38761 0.0201023 0.0559211
0 0.875822 0.258909 0.0191886 0.0529057
0 0.842471 0.075932 0.0222953 0.0548246
0 0.788469 0.396382 0.0195541 0.0378289
0 0.886879 0.294271 0.0478801 0.049068
0 0.709338 0.437911 0.0169956 0.0441338
0 0.571272 0.301672 0.0211988 0.0578399
0 0.358004 0.268914 0.0230263 0.0564693
0 0.917032 0.370066 0.0160819 0.0378289
0 0.970486 0.215049 0.0235746 0.0457785
0 0.26261 0.183525 0.0168129 0.0353618
0 0.470852 0.373492 0.0199196 0.0523575
0 0.468293 0.128289 0.0188231 0.0394737
0 0.433388 0.155291 0.0224781 0.042489
0 0.4608 0.239172 0.0166301 0.0375548
0 0.949653 0.219984 0.0195541 0.051261
0 0.732456 0.405839 0.0354532 0.0567434
0 0.715095 0.10307 0.0230263 0.0394737
0 0.664474 0.170367 0.0336257 0.0337171
0 0.379843 0.300302 0.0184576 0.0386513
0 0.326206 0.145833 0.0175439 0.0548246
0 0.304276 0.195861 0.0127924 0.0293311
0 0.25265 0.250274 0.0301535 0.0460526
0 0.382127 0.330592 0.0266813 0.0471491
0 0.98602 0.146107 0.0279605 0.0553728
0 0.785819 0.204907 0.0350877 0.0331689
0 0.583516 0.390214 0.0270468 0.0583882
0 0.919134 0.119243 0.0177266 0.0449561
0 0.634777 0.103481 0.0166301 0.0397478
0 0.587811 0.246025 0.0133406 0.0326206
0 0.74205 0.245066 0.0191886 0.0498904
0 0.407712 0.173109 0.0208333 0.0386513
0 0.187409 0.253427 0.0239401 0.0523575
0 0.441064 0.33676 0.0206506 0.0507127
0 0.759868 0.40159 0.0164474 0.0433114
0 0.503472 0.0977248 0.0157164 0.0534539
0 0.376645 0.254249 0.0146199 0.0320724
0 0.687317 0.357182 0.0182749 0.0444079
0 0.574836 0.152549 0.0177266 0.0413925
0 0.679276 0.303591 0.0186404 0.044682
0 0.602705 0.260965 0.0211988 0.0592105
0 0.859284 0.0878564 0.0398392 0.0413925
0 0.791849 0.246025 0.0164474 0.0430373
0 0.264803 0.38199 0.0201023 0.0463268
0 0.652869 0.323191 0.0202851 0.0504386
0 0.407438 0.304276 0.0195541 0.0444079
0 0.680738 0.278098 0.0244883 0.0276864
0 0.67023 0.404057 0.0184576 0.0597588
0 0.530062 0.343887 0.0246711 0.0408443
0 0.943896 0.312089 0.0237573 0.0402961
0 0.395742 0.137473 0.0202851 0.042489
0 0.45148 0.137473 0.0180921 0.0457785
0 0.330592 0.269052 0.0186404 0.0534539
0 0.624817 0.395285 0.0230263 0.0482456
0 0.424982 0.277686 0.0173611 0.0482456
0 0.888889 0.0930647 0.0204678 0.049068
0 0.909265 0.0829221 0.0224781 0.0359101
0 0.544317 0.378289 0.0330775 0.0438596
0 0.843933 0.337445 0.0398392 0.0285088
0 0.840369 0.403372 0.026133 0.0435855
0 0.545322 0.320998 0.0204678 0.0383772
0 0.469572 0.0901864 0.0235746 0.0504386
0 0.915113 0.245888 0.0199196 0.0586623
0 0.458973 0.29523 0.0177266 0.0455044
0 0.97871 0.330044 0.034905 0.0520833
0 0.659996 0.0882675 0.0272295 0.0449561
0 0.31451 0.261787 0.0190058 0.0411184
0 0.70276 0.222314 0.0188231 0.0520833
0 0.169408 0.378152 0.0182749 0.0391996
0 0.413925 0.153646 0.0179094 0.0534539
0 0.44883 0.0853893 0.0193713 0.0452303
0 0.563688 0.377193 0.0195541 0.0520833
0 0.29258 0.161184 0.0277778 0.0416667
0 0.348136 0.193257 0.0244883 0.0405702
0 0.508041 0.320038 0.0186404 0.0435855
0 0.815698 0.29619 0.0433114 0.0304276
0 0.741685 0.281524 0.0232091 0.0438596
0 0.881213 0.355811 0.0186404 0.0498904
0 0.408443 0.204633 0.0168129 0.044682
0 0.914017 0.521656 0.0169956 0.0350877
0 0.758406 0.319764 0.0157164 0.0457785
0 0.725512 0.561678 0.0186404 0.0350877
0 0.1536 0.261513 0.0345395 0.03125
0 0.397295 0.237664 0.0168129 0.0400219
0 0.985746 0.0708607 0.0186404 0.0507127
0 0.697734 0.103344 0.0215643 0.0493421
0 0.536458 0.126919 0.0184576 0.0520833
0 0.936404 0.362802 0.0376462 0.049068
0 0.659814 0.109101 0.0257675 0.035636
0 0.648118 0.00918311 0.0352705 0.0183662
0 0.203308 0.187363 0.0177266 0.0216557
0 0.584795 0.339501 0.0237573 0.0342654
0 0.529514 0.179276 0.034905 0.0230263
0 0.8125 0.144052 0.0113304 0.0309759
0 0.193165 0.223547 0.0244883 0.0304276
0 0.23008 0.205866 0.0146199 0.0252193
0 0.762701 0.157072 0.027595 0.0389254
0 0.483735 0.211486 0.0241228 0.0402961
0 0.373355 0.228344 0.0244883 0.0339912
0 0.662007 0.194216 0.0272295 0.0381031
0 0.344115 0.269189 0.0168129 0.0433114
0 0.819901 0.191612 0.0228436 0.0296053
0 0.558754 0.347314 0.0425804 0.0257675
0 0.592379 0.329633 0.0188231 0.0353618
0 0.208516 0.204496 0.0160819 0.0202851
0 0.685307 0.171875 0.0124269 0.0191886
0 0.851517 0.2929 0.0272295 0.0507127
0 0.294225 0.207922 0.0252193 0.0375548
0 0.621436 0.349232 0.0213816 0.0471491
0 0.380848 0.215049 0.0127924 0.0271382
0 0.460709 0.226425 0.0285088 0.0394737
0 0.492507 0.315789 0.0248538 0.0433114
0 0.658991 0.21409 0.0182749 0.0394737
0 0.629477 0.173931 0.029788 0.0452303
0 0.324653 0.200521 0.0323465 0.0293311
0 0.59311 0.142681 0.0257675 0.0408443
0 0.657255 0.114857 0.0107822 0.0213816
0 0.695632 0.142955 0.00968567 0.020011
0 0.707237 0.378015 0.0277778 0.0548246
0 0.912007 0.329633 0.0221126 0.042489
0 0.497898 0.396519 0.0213816 0.0413925
0 0.833333 0.38761 0.0179094 0.0438596
0 0.397569 0.276042 0.0243056 0.0394737
0 0.563871 0.137747 0.026133 0.0474232
0 0.796784 0.396245 0.0186404 0.0254934
0 0.61568 0.32045 0.0361842 0.0246711
0 0.950292 0.154057 0.0248538 0.0148026
0 0.823556 0.20614 0.0411184 0.0257675
0 0.620614 0.158991 0.0263158 0.0208333
0 0.641996 0.353207 0.0255848 0.0293311
0 0.752284 0.377604 0.0279605 0.0479715
0 0.201206 0.193394 0.00913743 0.0161732
0 0.608918 0.213953 0.0434942 0.0271382
0 0.484923 0.179413 0.0360015 0.0243969
0 0.842471 0.178728 0.0402047 0.0246711
0 0.231451 0.231771 0.0202851 0.0463268
0 0.207968 0.235609 0.0197368 0.0331689
0 0.563231 0.0115132 0.0211988 0.0180921
0 0.463359 0.189008 0.032712 0.0260417
0 0.704404 0.312774 0.0188231 0.0455044
0 0.385965 0.24301 0.0204678 0.044682
0 0.460161 0.212582 0.0182749 0.0304276
0 0.696089 0.188048 0.0266813 0.0285088
0 0.775128 0.358827 0.0323465 0.0586623
0 0.993421 0.109923 0.0131579 0.0383772
0 0.379934 0.183662 0.0168129 0.0493421
0 0.421784 0.344572 0.0241228 0.0411184
0 0.919773 0.184073 0.0252193 0.0550987
0 0.267452 0.226837 0.0228436 0.0364583
0 0.213542 0.187911 0.0199196 0.0238487
0 0.871711 0.165707 0.0274123 0.0457785
0 0.595669 0.163925 0.0301535 0.0372807
0 0.690607 0.165296 0.0387427 0.0279605
0 0.306287 0.242599 0.0230263 0.0389254
0 0.686221 0.208882 0.0233918 0.0405702
0 0.903966 0.309759 0.0155336 0.0296053
0 0.708333 0.158854 0.0263158 0.0430373
0 0.438962 0.111705 0.0237573 0.0402961
0 0.735015 0.0963542 0.0204678 0.0501645
0 0.864035 0.225877 0.0215643 0.0542763
0 0.745157 0.349507 0.0195541 0.0378289
0 0.927266 0.302495 0.0500731 0.0348136
0 0.5286 0.311129 0.0221126 0.0389254
0 0.50265 0.160499 0.0308845 0.0216557
0 0.550347 0.17489 0.025402 0.0487939
0 0.987756 0.193805 0.0219298 0.0383772
0 0.73008 0.337856 0.0255848 0.0523575
0 0.827029 0.248081 0.0243056 0.0455044
0 0.339912 0.222862 0.0361842 0.0263158
0 0.531981 0.235471 0.0190058 0.0487939
0 0.253838 0.217516 0.0113304 0.0233004
0 0.558297 0.250959 0.0190058 0.0375548
0 0.25402 0.199698 0.0168129 0.0353618
0 0.545779 0.213542 0.0414839 0.0257675
0 0.931561 0.332237 0.0232091 0.0339912
0 0.672606 0.227522 0.0243056 0.0422149
0 0.61367 0.196272 0.0500731 0.0307018
0 0.664931 0.319764 0.0202851 0.0561952
0 0.487299 0.384868 0.0224781 0.0411184
0 0.241502 0.221354 0.0180921 0.0326206
0 0.201206 0.247944 0.0237573 0.0375548
0 0.170322 0.258087 0.0380117 0.0441338
0 0.542855 0.252604 0.0195541 0.0583882
0 0.292398 0.26398 0.0197368 0.0498904
0 0.804825 0.181743 0.0204678 0.0476974
0 0.219664 0.202851 0.0168129 0.026864
0 0.67224 0.189008 0.0180921 0.0391996
0 0.619974 0.376508 0.025402 0.0463268
0 0.940058 0.0890899 0.0508041 0.029057
0 0.409083 0.372533 0.0224781 0.0542763
0 0.32712 0.232456 0.0343567 0.0263158
0 0.81186 0.368832 0.0272295 0.0320724
0 0.909174 0.17023 0.0211988 0.0498904
0 0.170687 0.226974 0.0266813 0.0257675
0 0.623538 0.127741 0.0211988 0.0378289
0 0.64629 0.170916 0.0323465 0.0353618
0 0.770925 0.392955 0.0246711 0.0452303
0 0.365771 0.258361 0.0169956 0.044682
0 0.241502 0.236157 0.0151681 0.0260417
0 0.576846 0.189967 0.0407529 0.0339912
0 0.443074 0.272615 0.0228436 0.0435855
0 0.768458 0.230537 0.0219298 0.0592105
0 0.752741 0.173931 0.0237573 0.0375548
0 0.936221 0.121162 0.0321637 0.0213816
0 0.965004 0.195861 0.0217471 0.0413925
0 0.278874 0.174205 0.0307018 0.0463268
0 0.851608 0.210389 0.0226608 0.0408443
0 0.79057 0.120614 0.0204678 0.0504386
0 0.74205 0.184485 0.0213816 0.0537281
0 0.149123 0.230537 0.0219298 0.0191886
0 0.671144 0.0989583 0.0184576 0.0411184
0 0.756853 0.212993 0.0414839 0.0427632
0 0.29057 0.385417 0.0204678 0.0564693
0 0.934667 0.141036 0.0345395 0.0243969
0 0.488487 0.245888 0.0193713 0.0466009
0 0.990863 0.242736 0.0171784 0.0243969
0 0.822186 0.388158 0.0182749 0.0378289
0 0.928271 0.27193 0.0411184 0.0400219
0 0.743238 0.317434 0.0252193 0.0482456
0 0.576754 0.21313 0.0398392 0.0342654
0 0.518823 0.227659 0.0182749 0.0485197
0 0.644097 0.379386 0.0221126 0.058114
0 0.517452 0.375822 0.0272295 0.0542763
0 0.378015 0.114583 0.028326 0.0444079
0 0.9767 0.298383 0.0385599 0.0561952
0 0.46473 0.32648 0.0339912 0.0575658
0 0.192526 0.206963 0.0173611 0.0317982
0 0.953125 0.105537 0.034174 0.0219298
0 0.592836 0.356086 0.0153509 0.0339912
0 0.800164 0.324561 0.0235746 0.0466009
0 0.812317 0.245888 0.0193713 0.0526316
0 0.857182 0.123218 0.032712 0.0370066
0 0.834156 0.143092 0.0235746 0.0449561
0 0.865132 0.29057 0.0182749 0.0575658
0 0.736385 0.141584 0.0246711 0.0375548
0 0.776042 0.110471 0.0199196 0.0542763
0 0.892909 0.196546 0.0201023 0.0548246
0 0.811495 0.11568 0.034174 0.0433114
0 0.872898 0.192297 0.026133 0.0540022
0 0.426809 0.397615 0.0469664 0.0265899
0 0.848593 0.145148 0.0191886 0.051261
0 0.650128 0.272889 0.026133 0.049068
0 0.731542 0.192023 0.0186404 0.0441338
0 0.658534 0.135554 0.0239401 0.0381031
0 0.780519 0.247122 0.0182749 0.0572917
0 0.715004 0.326891 0.0202851 0.0452303
0 0.489949 0.0993695 0.0182749 0.049068
0 0.537463 0.19682 0.0347222 0.0202851
0 0.431287 0.209567 0.0208333 0.0441338
0 0.515534 0.130482 0.0299708 0.0438596
0 0.612664 0.253289 0.0235746 0.0630482
0 0.393732 0.3358 0.0243056 0.0515351
0 0.966557 0.0675713 0.0211988 0.0540022
0 0.718476 0.142133 0.0232091 0.0441338
0 0.506305 0.382812 0.0239401 0.044682
0 0.275676 0.503427 0.0166301 0.0441338
0 0.438048 0.226014 0.0149854 0.0348136
0 0.608187 0.353755 0.0204678 0.0452303
0 0.51526 0.279057 0.034174 0.0515351
0 0.171601 0.2071 0.0350877 0.0271382
0 0.758132 0.260554 0.0188231 0.0501645
0 0.581506 0.119243 0.0168129 0.0466009
0 0.948282 0.18517 0.0427632 0.0430373
0 0.647844 0.202303 0.0281433 0.0372807
0 0.343567 0.132127 0.0208333 0.0570175
0 0.822003 0.0853893 0.0226608 0.0627741
0 0.758315 0.131031 0.0243056 0.0476974
0 0.799342 0.147615 0.0252193 0.0337171
0 0.457054 0.163925 0.0358187 0.0372807
0 0.843385 0.249863 0.0208333 0.0578399
0 0.448739 0.216968 0.0137061 0.0293311
0 0.803363 0.381579 0.0394737 0.035636
0 0.81917 0.157484 0.0188231 0.0452303
0 0.365497 0.162966 0.0186404 0.0529057
0 0.546418 0.296327 0.0321637 0.0224781
0 0.906615 0.345669 0.0175439 0.0394737
0 0.636148 0.23835 0.0175439 0.0479715
0 0.642909 0.135828 0.0296053 0.0287829
0 0.400676 0.0922423 0.0199196 0.0381031
0 0.95011 0.337719 0.0197368 0.0383772
0 0.247442 0.177632 0.0186404 0.0389254
0 0.480446 0.14926 0.0266813 0.0534539
0 0.877102 0.121711 0.0228436 0.0372807
0 0.889529 0.155702 0.0422149 0.0301535
0 0.554459 0.118832 0.0193713 0.0523575
0 0.735563 0.371162 0.0193713 0.0416667
0 0.629203 0.257401 0.0230263 0.0504386
0 0.896107 0.244518 0.0206506 0.0586623
0 0.389254 0.373081 0.0347222 0.0460526
0 0.195906 0.180236 0.0325292 0.0205592
0 0.607822 0.122807 0.0215643 0.0586623
0 0.42553 0.193942 0.0184576 0.042489
0 0.98401 0.364446 0.026133 0.0567434
0 0.23273 0.180373 0.0148026 0.0361842
0 0.787281 0.177769 0.0193713 0.0413925
0 0.219846 0.235197 0.0160819 0.0372807
0 0.978984 0.230811 0.0328947 0.0460526
0 0.933662 0.226974 0.0226608 0.0559211
0 0.280154 0.248492 0.0190058 0.0534539
0 0.318348 0.893229 0.0299708 0.0282346
0 0.717288 0.224232 0.0248538 0.0531798
0 0.750548 0.0988213 0.0211988 0.0419408
0 0.974781 0.170779 0.0222953 0.0400219
0 0.505117 0.2108 0.0259503 0.0548246
0 0.392727 0.189145 0.0179094 0.0509868
0 0.697734 0.295916 0.0179094 0.0545504
0 0.362847 0.212308 0.0210161 0.0441338
0 0.77458 0.16187 0.0221126 0.0441338
0 0.787007 0.337993 0.027595 0.0657895
0 0.636605 0.31949 0.0169956 0.0435855
0 0.252284 0.380208 0.0195541 0.0553728
0 0.68284 0.131442 0.0221126 0.0348136
0 0.278966 0.204907 0.0191886 0.0386513
0 0.317617 0.184348 0.0175439 0.0320724
0 0.89958 0.125822 0.0202851 0.0422149
0 0.478893 0.279742 0.031981 0.0249452
0 0.571912 0.231223 0.0243056 0.0540022
0 0.891904 0.343887 0.0264985 0.0649671
0 0.653874 0.235471 0.0263158 0.0449561
0 0.503289 0.25795 0.0190058 0.0564693
0 0.421235 0.106497 0.0201023 0.0561952
0 0.65424 0.38761 0.0201023 0.0559211
0 0.875822 0.258909 0.0191886 0.0529057
0 0.842471 0.075932 0.0222953 0.0548246
0 0.788469 0.396382 0.0195541 0.0378289
0 0.886879 0.294271 0.0478801 0.049068
0 0.709338 0.437911 0.0169956 0.0441338
0 0.571272 0.301672 0.0211988 0.0578399
0 0.358004 0.268914 0.0230263 0.0564693
0 0.917032 0.370066 0.0160819 0.0378289
0 0.970486 0.215049 0.0235746 0.0457785
0 0.26261 0.183525 0.0168129 0.0353618
0 0.470852 0.373492 0.0199196 0.0523575
0 0.468293 0.128289 0.0188231 0.0394737
0 0.433388 0.155291 0.0224781 0.042489
0 0.4608 0.239172 0.0166301 0.0375548
0 0.949653 0.219984 0.0195541 0.051261
0 0.732456 0.405839 0.0354532 0.0567434
0 0.715095 0.10307 0.0230263 0.0394737
0 0.664474 0.170367 0.0336257 0.0337171
0 0.379843 0.300302 0.0184576 0.0386513
0 0.326206 0.145833 0.0175439 0.0548246
0 0.304276 0.195861 0.0127924 0.0293311
0 0.25265 0.250274 0.0301535 0.0460526
0 0.382127 0.330592 0.0266813 0.0471491
0 0.98602 0.146107 0.0279605 0.0553728
0 0.785819 0.204907 0.0350877 0.0331689
0 0.583516 0.390214 0.0270468 0.0583882
0 0.919134 0.119243 0.0177266 0.0449561
0 0.634777 0.103481 0.0166301 0.0397478
0 0.587811 0.246025 0.0133406 0.0326206
0 0.74205 0.245066 0.0191886 0.0498904
0 0.407712 0.173109 0.0208333 0.0386513
0 0.187409 0.253427 0.0239401 0.0523575
0 0.441064 0.33676 0.0206506 0.0507127
0 0.759868 0.40159 0.0164474 0.0433114
0 0.503472 0.0977248 0.0157164 0.0534539
0 0.376645 0.254249 0.0146199 0.0320724
0 0.687317 0.357182 0.0182749 0.0444079
0 0.574836 0.152549 0.0177266 0.0413925
0 0.679276 0.303591 0.0186404 0.044682
0 0.602705 0.260965 0.0211988 0.0592105
0 0.859284 0.0878564 0.0398392 0.0413925
0 0.791849 0.246025 0.0164474 0.0430373
0 0.264803 0.38199 0.0201023 0.0463268
0 0.652869 0.323191 0.0202851 0.0504386
0 0.407438 0.304276 0.0195541 0.0444079
0 0.680738 0.278098 0.0244883 0.0276864
0 0.67023 0.404057 0.0184576 0.0597588
0 0.530062 0.343887 0.0246711 0.0408443
0 0.943896 0.312089 0.0237573 0.0402961
0 0.395742 0.137473 0.0202851 0.042489
0 0.45148 0.137473 0.0180921 0.0457785
0 0.330592 0.269052 0.0186404 0.0534539
0 0.624817 0.395285 0.0230263 0.0482456
0 0.424982 0.277686 0.0173611 0.0482456
0 0.888889 0.0930647 0.0204678 0.049068
0 0.909265 0.0829221 0.0224781 0.0359101
0 0.544317 0.378289 0.0330775 0.0438596
0 0.843933 0.337445 0.0398392 0.0285088
0 0.840369 0.403372 0.026133 0.0435855
0 0.545322 0.320998 0.0204678 0.0383772
0 0.469572 0.0901864 0.0235746 0.0504386
0 0.915113 0.245888 0.0199196 0.0586623
0 0.458973 0.29523 0.0177266 0.0455044
0 0.97871 0.330044 0.034905 0.0520833
0 0.659996 0.0882675 0.0272295 0.0449561
0 0.31451 0.261787 0.0190058 0.0411184
0 0.70276 0.222314 0.0188231 0.0520833
0 0.169408 0.378152 0.0182749 0.0391996
0 0.413925 0.153646 0.0179094 0.0534539
0 0.44883 0.0853893 0.0193713 0.0452303
0 0.563688 0.377193 0.0195541 0.0520833
0 0.29258 0.161184 0.0277778 0.0416667
0 0.348136 0.193257 0.0244883 0.0405702
0 0.508041 0.320038 0.0186404 0.0435855
0 0.815698 0.29619 0.0433114 0.0304276
0 0.741685 0.281524 0.0232091 0.0438596
0 0.881213 0.355811 0.0186404 0.0498904
0 0.408443 0.204633 0.0168129 0.044682
0 0.914017 0.521656 0.0169956 0.0350877
0 0.758406 0.319764 0.0157164 0.0457785
0 0.725512 0.561678 0.0186404 0.0350877
0 0.1536 0.261513 0.0345395 0.03125
0 0.397295 0.237664 0.0168129 0.0400219
0 0.985746 0.0708607 0.0186404 0.0507127
0 0.697734 0.103344 0.0215643 0.0493421
0 0.536458 0.126919 0.0184576 0.0520833
0 0.936404 0.362802 0.0376462 0.049068
