0 0.495888 0.253838 0.0162646 0.0219298
0 0.16356 0.40159 0.0175439 0.0224781
0 0.984649 0.408306 0.0274123 0.0364583
0 0.928363 0.372122 0.0201023 0.0370066
0 0.474781 0.391996 0.0222953 0.0323465
0 0.786093 0.408306 0.028326 0.0397478
0 0.10307 0.409539 0.0263158 0.0345395
0 0.80848 0.397067 0.0233918 0.0211075
0 0.337445 0.373492 0.026864 0.0359101
0 0.327485 0.389117 0.0255848 0.0342654
0 0.514254 0.351425 0.0233918 0.033443
0 0.51462 0.262198 0.0175439 0.0183662
0 0.593476 0.527686 0.0213816 0.026864
0 0.993238 0.471354 0.0109649 0.0189145
0 0.530885 0.505345 0.0153509 0.0337171
0 0.290205 0.408854 0.0255848 0.0359101
0 0.801718 0.24767 0.0102339 0.017818
0 0.987116 0.356086 0.0257675 0.0383772
0 0.466374 0.371985 0.0131579 0.0339912
0 0.530154 0.484649 0.0270468 0.0186404
0 0.790022 0.23506 0.0116959 0.0172697
0 0.745431 0.38761 0.0186404 0.0219298
0 0.403783 0.523438 0.0246711 0.0359101
0 0.151864 0.406113 0.0190058 0.0211075
0 0.153235 0.42023 0.0257675 0.033443
0 0.762884 0.264391 0.0118787 0.0167215
0 0.393366 0.532209 0.0228436 0.0386513
0 0.917946 0.392544 0.0113304 0.0241228
0 0.187591 0.29989 0.0191886 0.0296053
0 0.149306 0.376508 0.0105994 0.0172697
0 0.348136 0.522204 0.0149854 0.0175439
0 0.337445 0.487939 0.0177266 0.0169956
0 0.546327 0.259868 0.0213816 0.0148026
0 0.669591 0.390762 0.0208333 0.0287829
0 0.378746 0.395696 0.026133 0.0243969
0 0.476791 0.4142 0.0248538 0.0153509
0 0.813048 0.412555 0.0244883 0.0191886
0 0.222862 0.446409 0.032712 0.0189145
0 0.870797 0.452303 0.0365497 0.0345395
0 0.612482 0.502878 0.0199196 0.0353618
0 0.543951 0.463816 0.027595 0.0208333
0 0.345029 0.364309 0.0135234 0.0285088
0 0.363944 0.515899 0.0162646 0.0328947
0 0.612847 0.471354 0.0243056 0.0243969
0 0.743056 0.256305 0.0219298 0.0219298
0 0.678911 0.419545 0.0146199 0.0386513
0 0.101882 0.393092 0.0264985 0.0219298
0 0.317891 0.396519 0.0232091 0.0271382
0 0.587902 0.376508 0.0193713 0.0145285
0 0.735471 0.383772 0.0173611 0.0186404
0 0.317982 0.380894 0.00913743 0.0172697
0 0.989401 0.446546 0.0201023 0.0224781
0 0.402504 0.388295 0.026133 0.0172697
0 0.799068 0.235197 0.0104167 0.0186404
0 0.204313 0.381442 0.0204678 0.0183662
0 0.164839 0.393503 0.00950292 0.0194627
0 0.984101 0.517681 0.0164474 0.0260417
0 0.614218 0.456689 0.0237573 0.0213816
0 0.933662 0.462308 0.0168129 0.0375548
0 0.845943 0.498629 0.0270468 0.0219298
0 0.0682566 0.523026 0.030519 0.0246711
0 0.518275 0.440927 0.0193713 0.0337171
0 0.258681 0.422423 0.0173611 0.0257675
0 0.443074 0.390214 0.0180921 0.0381031
0 0.488213 0.242325 0.0184576 0.0175439
0 0.729258 0.454633 0.0279605 0.0216557
0 0.983553 0.577714 0.0317982 0.0276864
0 0.150768 0.384594 0.0109649 0.0197368
0 0.292215 0.395696 0.0149854 0.0276864
0 0.474415 0.405154 0.0244883 0.0186404
0 0.825658 0.333059 0.0138889 0.0279605
0 0.587537 0.670093 0.0222953 0.0304276
0 0.732365 0.405016 0.0111477 0.0227522
0 0.70011 0.455044 0.0201023 0.0274123
0 0.61367 0.434211 0.0219298 0.0350877
0 0.20349 0.395422 0.0228436 0.0271382
0 0.945906 0.476562 0.0146199 0.0364583
0 0.834887 0.538651 0.0210161 0.0180921
0 0.0790387 0.418174 0.0129751 0.0243969
0 0.640351 0.479852 0.0288743 0.0233004
0 0.702029 0.530428 0.0188231 0.0208333
0 0.710069 0.398986 0.0151681 0.0408443
0 0.504203 0.2696 0.0277778 0.0189145
0 0.276316 0.374041 0.0171784 0.0342654
0 0.772752 0.394052 0.0210161 0.0391996
0 0.760051 0.251645 0.0120614 0.0296053
0 0.0858918 0.42955 0.0211988 0.03125
0 0.982548 0.545641 0.034905 0.0364583
0 0.995249 0.587856 0.00950292 0.0238487
0 0.4767 0.51028 0.0155336 0.0375548
0 0.698922 0.38898 0.0144371 0.0339912
0 0.286824 0.409539 0.0115132 0.0246711
0 0.349415 0.464775 0.0131579 0.0320724
0 0.849781 0.513706 0.0127924 0.0246711
0 0.634229 0.497533 0.0257675 0.0230263
0 0.0987756 0.425576 0.0122442 0.0260417
0 0.741868 0.238487 0.0221126 0.0202851
0 0.960435 0.493969 0.0180921 0.0471491
0 0.6928 0.484923 0.0182749 0.0383772
0 0.58379 0.400768 0.0144371 0.0350877
0 0.775037 0.243832 0.0131579 0.0271382
0 0.325932 0.374178 0.0188231 0.033443
0 0.406067 0.540296 0.0182749 0.0323465
0 0.257036 0.383909 0.0210161 0.0254934
0 0.840369 0.421738 0.0246711 0.042489
0 0.709613 0.371299 0.0193713 0.0271382
0 0.363761 0.395148 0.0184576 0.0315241
0 0.856451 0.238213 0.0217471 0.0230263
0 0.25996 0.405565 0.0162646 0.0287829
0 0.593202 0.501782 0.0201023 0.0309759
0 0.917306 0.452303 0.0199196 0.0394737
0 0.491228 0.262473 0.0211988 0.020011
0 0.346491 0.492462 0.0120614 0.0287829
0 0.892727 0.393229 0.0135234 0.0271382
0 0.588816 0.464912 0.0160819 0.0383772
0 0.276316 0.392818 0.0138889 0.0208333
0 0.741502 0.411595 0.0133406 0.0282346
0 0.66822 0.41653 0.0133406 0.0337171
0 0.554459 0.273986 0.0277778 0.0189145
0 0.718202 0.479852 0.0244883 0.0254934
0 0.661001 0.725192 0.0157164 0.0315241
0 0.193439 0.310033 0.0115132 0.0235746
0 0.494061 0.412692 0.0173611 0.0337171
0 0.180647 0.516859 0.0184576 0.0402961
0 0.736477 0.435033 0.0138889 0.0252193
0 0.0960344 0.401042 0.0166301 0.0197368
0 0.165022 0.443805 0.0237573 0.0186404
0 0.785545 0.390488 0.0323465 0.0304276
0 0.463268 0.53591 0.0168129 0.0400219
0 0.337628 0.391173 0.0180921 0.0307018
0 0.450567 0.521382 0.0294225 0.0257675
0 0.952211 0.523712 0.0199196 0.0408443
0 0.345395 0.540159 0.0153509 0.0348136
0 0.331689 0.531798 0.0175439 0.0471491
0 0.850786 0.273438 0.0162646 0.0271382
0 0.241594 0.677357 0.0171784 0.0263158
0 0.337445 0.471491 0.0250365 0.0350877
0 0.945084 0.562637 0.031981 0.0348136
0 0.452303 0.392544 0.0113304 0.0235746
0 0.279605 0.513295 0.0179094 0.0370066
0 0.78061 0.221902 0.0148026 0.0211075
0 0.353527 0.500959 0.0184576 0.0408443
0 0.237664 0.409265 0.0140716 0.0372807
0 0.980629 0.389117 0.0248538 0.0485197
0 0.572643 0.378838 0.0188231 0.0328947
0 0.654331 0.495477 0.0184576 0.0375548
0 0.724141 0.412144 0.0177266 0.0381031
0 0.840004 0.238624 0.0195541 0.0265899
0 0.88761 0.472588 0.0164474 0.0378289
0 0.993604 0.529057 0.0127924 0.033443
0 0.13697 0.429002 0.0177266 0.0339912
0 0.92489 0.404742 0.0190058 0.0364583
0 0.234923 0.352522 0.0166301 0.0323465
0 0.877467 0.405154 0.0232091 0.0509868
0 0.13432 0.56716 0.0120614 0.0279605
0 0.765625 0.240406 0.0133406 0.029057
0 0.327303 0.543037 0.0127924 0.0274123
0 0.227248 0.405702 0.0148026 0.0367325
0 0.475512 0.373766 0.0160819 0.0331689
0 0.264163 0.367462 0.0173611 0.0337171
0 0.356451 0.542763 0.0126096 0.029057
0 0.564327 0.337993 0.0179094 0.0394737
0 0.57712 0.334019 0.0149854 0.0370066
0 0.661001 0.444353 0.0171784 0.0383772
0 0.769463 0.410773 0.0191886 0.0331689
0 0.450018 0.413788 0.034905 0.0287829
0 0.11833 0.431195 0.0217471 0.0389254
0 0.0970395 0.441064 0.0208333 0.0307018
0 0.805647 0.537007 0.0228436 0.0274123
0 0.190515 0.408991 0.0122442 0.0274123
0 0.641721 0.444353 0.0264985 0.0279605
0 0.307931 0.371436 0.0160819 0.0224781
0 0.879934 0.373081 0.0241228 0.0191886
0 0.659174 0.417078 0.0186404 0.0397478
0 0.694444 0.400768 0.0153509 0.0328947
0 0.636513 0.5625 0.0303363 0.0224781
0 0.688048 0.4142 0.0208333 0.0416667
0 0.220577 0.386376 0.0157164 0.0359101
0 0.917215 0.366639 0.0175439 0.0348136
0 0.8178 0.429002 0.0310673 0.0202851
0 0.965278 0.561404 0.0197368 0.0460526
0 0.892818 0.53125 0.0144371 0.0394737
0 0.681469 0.374041 0.0179094 0.0359101
0 0.707602 0.334567 0.0138889 0.0342654
0 0.835618 0.517133 0.0144371 0.0320724
0 0.454861 0.443942 0.0226608 0.0435855
0 0.555556 0.39597 0.0219298 0.042489
0 0.658534 0.365543 0.0184576 0.0375548
0 0.501371 0.243558 0.0137061 0.0216557
0 0.137061 0.395011 0.0168129 0.0279605
0 0.431743 0.437911 0.0126096 0.0298794
0 0.352431 0.422149 0.0129751 0.0274123
0 0.82447 0.507401 0.0180921 0.0378289
0 0.991685 0.419271 0.0166301 0.0315241
0 0.723136 0.264803 0.0131579 0.0296053
0 0.314602 0.428591 0.0118787 0.0254934
0 0.408169 0.404194 0.0330775 0.0271382
0 0.45879 0.375822 0.0206506 0.0416667
0 0.755482 0.372122 0.0193713 0.0342654
0 0.248264 0.425713 0.0133406 0.0328947
0 0.971583 0.420779 0.034174 0.035636
0 0.875 0.516036 0.0182749 0.0342654
0 0.375822 0.427495 0.0166301 0.0386513
0 0.638158 0.417489 0.0190058 0.0323465
0 0.851334 0.429002 0.0173611 0.033443
0 0.831689 0.475329 0.0263158 0.0323465
0 0.446181 0.354167 0.0210161 0.0345395
0 0.872807 0.546875 0.0288743 0.0345395
0 0.0574744 0.436952 0.0162646 0.03125
0 0.439784 0.442434 0.0122442 0.0301535
0 0.514803 0.414748 0.0182749 0.0411184
0 0.0799525 0.383909 0.0184576 0.0320724
0 0.70349 0.547423 0.027595 0.0296053
0 0.860471 0.462445 0.0308845 0.0317982
0 0.527138 0.421464 0.0158991 0.0364583
0 0.974141 0.445038 0.0232091 0.0397478
0 0.622076 0.529331 0.0201023 0.0339912
0 0.941612 0.396793 0.0206506 0.042489
0 0.540479 0.425164 0.0133406 0.0323465
0 0.842105 0.350192 0.0215643 0.0381031
0 0.567251 0.254249 0.0274123 0.0293311
0 0.78856 0.537007 0.0175439 0.0394737
0 0.803637 0.36472 0.0162646 0.0391996
0 0.932109 0.496436 0.0180921 0.0405702
0 0.174982 0.395422 0.0148026 0.0287829
0 0.181287 0.31017 0.0149854 0.0260417
0 0.248081 0.39597 0.0191886 0.0315241
0 0.699744 0.338679 0.0171784 0.0364583
0 0.141813 0.534539 0.0175439 0.0367325
0 0.32712 0.425439 0.0142544 0.033443
0 0.399854 0.275493 0.0146199 0.0317982
0 0.925073 0.570998 0.0383772 0.0230263
0 0.547423 0.513021 0.0173611 0.0457785
0 0.612756 0.362664 0.0120614 0.0296053
0 0.767544 0.505482 0.0146199 0.0307018
0 0.203308 0.521382 0.0162646 0.0301535
0 0.622167 0.395148 0.0177266 0.0402961
0 0.156798 0.521382 0.0211988 0.0422149
0 0.0704496 0.554139 0.0177266 0.0359101
0 0.734558 0.361157 0.0177266 0.0375548
0 0.113395 0.383361 0.0199196 0.0287829
0 0.109466 0.423246 0.0179094 0.0328947
0 0.732639 0.477248 0.0142544 0.0307018
0 0.0640534 0.412144 0.0188231 0.0293311
0 0.431469 0.404468 0.0157164 0.0348136
0 0.127284 0.441612 0.0166301 0.0372807
0 0.667672 0.372259 0.0129751 0.029057
0 0.529788 0.659265 0.0186404 0.0257675
0 0.229167 0.509457 0.0237573 0.0167215
0 0.213816 0.307977 0.0241228 0.0254934
0 0.824196 0.346491 0.0222953 0.0394737
0 0.398849 0.533991 0.0111477 0.0257675
0 0.340004 0.420779 0.0210161 0.0383772
0 0.547789 0.416255 0.0151681 0.0370066
0 0.520833 0.391721 0.0179094 0.0361842
0 0.858644 0.397478 0.0191886 0.0394737
0 0.948922 0.429962 0.029788 0.0243969
0 0.169225 0.419956 0.0138889 0.0317982
0 0.587993 0.538377 0.0195541 0.0296053
0 0.664931 0.524945 0.0191886 0.0466009
0 0.786367 0.248355 0.0146199 0.0301535
0 0.252558 0.531661 0.0186404 0.0413925
0 0.145468 0.426809 0.0138889 0.0307018
0 0.259868 0.655016 0.0160819 0.0216557
0 0.0690789 0.43051 0.0149854 0.0375548
0 0.604624 0.365269 0.0162646 0.0375548
0 0.915844 0.546053 0.0137061 0.0339912
0 0.485015 0.374863 0.0135234 0.0337171
0 0.753564 0.41324 0.0162646 0.0364583
0 0.903783 0.478618 0.0166301 0.0493421
0 0.381213 0.499041 0.0182749 0.0331689
0 0.314327 0.54153 0.0164474 0.0402961
0 0.531615 0.380482 0.0168129 0.0394737
0 0.367781 0.539062 0.0115132 0.0265899
0 0.513341 0.329084 0.0201023 0.0370066
0 0.86568 0.495751 0.0157164 0.0331689
0 0.289108 0.459841 0.0157164 0.0342654
0 0.712993 0.430647 0.0155336 0.033443
0 0.958425 0.450795 0.0166301 0.0364583
0 0.258498 0.550576 0.0184576 0.0397478
0 0.505208 0.396107 0.0173611 0.0394737
0 0.5053 0.36239 0.0171784 0.0372807
0 0.737116 0.542215 0.0166301 0.033443
0 0.274945 0.417626 0.0148026 0.0337171
0 0.492325 0.447643 0.0160819 0.0383772
0 0.209247 0.42722 0.0215643 0.0408443
0 0.594755 0.421875 0.0221126 0.0394737
0 0.44883 0.54619 0.0142544 0.0348136
0 0.952211 0.382401 0.0169956 0.0361842
0 0.0847039 0.402138 0.0180921 0.0257675
0 0.357091 0.370888 0.0157164 0.0323465
0 0.732091 0.271107 0.0135234 0.0317982
0 0.652686 0.536184 0.0166301 0.0405702
0 0.758772 0.546464 0.0153509 0.0320724
0 0.496985 0.511513 0.0188231 0.0422149
0 0.713907 0.686678 0.0228436 0.0285088
0 0.546692 0.348821 0.0188231 0.0370066
0 0.746802 0.544545 0.0169956 0.0375548
0 0.669317 0.486705 0.0184576 0.0381031
0 0.41822 0.372944 0.0180921 0.0337171
0 0.797423 0.425987 0.0166301 0.0383772
0 0.810216 0.242188 0.0140716 0.0315241
0 0.496345 0.378838 0.0175439 0.035636
0 0.196912 0.419271 0.0184576 0.0391996
0 0.242964 0.519463 0.0180921 0.0394737
0 0.830958 0.389666 0.0146199 0.0320724
0 0.484101 0.44312 0.0131579 0.0331689
0 0.26462 0.508498 0.0171784 0.0372807
0 0.897387 0.427357 0.0188231 0.0416667
0 0.880939 0.563596 0.0246711 0.0411184
0 0.407529 0.509731 0.0146199 0.0320724
0 0.907986 0.395011 0.0169956 0.0389254
0 0.97542 0.501782 0.0206506 0.0370066
0 0.336623 0.356908 0.0171784 0.0339912
0 0.2108 0.292215 0.0155336 0.0350877
0 0.304185 0.445861 0.0177266 0.0402961
0 0.325475 0.510005 0.0164474 0.0370066
0 0.514529 0.523575 0.0246711 0.0416667
0 0.820358 0.250959 0.0131579 0.0315241
0 0.247624 0.354304 0.0190058 0.0402961
0 0.520833 0.503701 0.0255848 0.0304276
0 0.302449 0.392133 0.0171784 0.0386513
0 0.84777 0.255482 0.0171784 0.0328947
0 0.381031 0.345669 0.0149854 0.0301535
0 0.637518 0.39227 0.0133406 0.0323465
0 0.382493 0.528646 0.0204678 0.0348136
0 0.171966 0.673109 0.0157164 0.0348136
0 0.291941 0.524123 0.0173611 0.0394737
0 0.907072 0.528646 0.0166301 0.0391996
0 0.358004 0.412966 0.0175439 0.0359101
0 0.536641 0.345395 0.0158991 0.0328947
0 0.586166 0.437226 0.0166301 0.0372807
0 0.570632 0.535773 0.0188231 0.0441338
0 0.181012 0.366502 0.0180921 0.0328947
0 0.668677 0.545641 0.0226608 0.0315241
0 0.739857 0.655565 0.0133406 0.0293311
0 0.808388 0.342105 0.0188231 0.0383772
0 0.787189 0.423931 0.0162646 0.0353618
0 0.78125 0.361294 0.0153509 0.0372807
0 0.686404 0.352796 0.0190058 0.0400219
0 0.410636 0.422423 0.0142544 0.03125
0 0.802449 0.260417 0.0186404 0.0345395
0 0.192982 0.511787 0.0168129 0.0416667
0 0.0531798 0.506305 0.0168129 0.0367325
0 0.35371 0.340186 0.0177266 0.035636
0 0.29788 0.420779 0.0160819 0.035636
0 0.369883 0.506853 0.0179094 0.0367325
0 0.397113 0.342654 0.0175439 0.0383772
0 0.797149 0.494243 0.0175439 0.0449561
0 0.719846 0.337034 0.0164474 0.0375548
0 0.551718 0.247259 0.0197368 0.0263158
0 0.570267 0.415981 0.0177266 0.0413925
0 0.890899 0.504386 0.0142544 0.03125
0 0.270651 0.481771 0.0182749 0.0364583
0 0.753107 0.50233 0.0241228 0.042489
0 0.813962 0.503427 0.0193713 0.044682
0 0.195815 0.287144 0.0180921 0.0364583
0 0.987116 0.343065 0.0148026 0.0353618
0 0.392178 0.493695 0.0164474 0.0389254
0 0.920139 0.494655 0.0186404 0.042489
0 0.608644 0.402138 0.0177266 0.0394737
0 0.829039 0.261513 0.0166301 0.035636
0 0.963907 0.380208 0.0169956 0.0389254
0 0.274488 0.537281 0.0263158 0.0263158
0 0.419682 0.527412 0.0158991 0.0416667
0 0.638706 0.329084 0.0186404 0.0282346
0 0.220212 0.347588 0.0142544 0.0350877
0 0.181012 0.422149 0.0155336 0.0345395
0 0.886422 0.356223 0.0210161 0.0413925
0 0.652686 0.333745 0.0148026 0.0337171
0 0.730903 0.320998 0.0155336 0.0339912
0 0.396838 0.416804 0.0144371 0.0370066
0 0.686221 0.536458 0.0211988 0.0350877
0 0.626371 0.352385 0.0162646 0.0419408
0 0.745705 0.338953 0.0166301 0.0370066
0 0.97542 0.694901 0.0210161 0.0361842
0 0.523849 0.346491 0.0158991 0.0285088
0 0.430007 0.512884 0.0157164 0.0339912
0 0.314053 0.282895 0.0151681 0.0361842
0 0.16027 0.55085 0.0153509 0.0331689
0 0.780519 0.495477 0.0182749 0.042489
0 0.292672 0.493969 0.0162646 0.0389254
0 0.942708 0.35307 0.0162646 0.0372807
0 0.424068 0.386376 0.0180921 0.0370066
0 0.867142 0.345395 0.0211988 0.0400219
0 0.474689 0.44449 0.0162646 0.0402961
0 0.496711 0.479304 0.0197368 0.0402961
0 0.647478 0.386102 0.0168129 0.0386513
0 0.80848 0.306332 0.0171784 0.0375548
0 0.329861 0.565104 0.0336257 0.0271382
0 0.162738 0.376919 0.0155336 0.0361842
0 0.857639 0.360609 0.0168129 0.0348136
0 0.664291 0.337308 0.0142544 0.0326206
0 0.186495 0.378975 0.0166301 0.0370066
0 0.409448 0.353481 0.0177266 0.0381031
0 0.302357 0.552357 0.0173611 0.0449561
0 0.718293 0.508909 0.0148026 0.0353618
0 0.385599 0.413377 0.0149854 0.033443
0 0.0140716 0.667763 0.0201023 0.0422149
0 0.847953 0.542078 0.0303363 0.0381031
0 0.291484 0.362939 0.0179094 0.0339912
0 0.213542 0.51261 0.0169956 0.0433114
0 0.587445 0.353207 0.0162646 0.0375548
0 0.146382 0.562089 0.0201023 0.0419408
0 0.558662 0.356908 0.0168129 0.0378289
0 0.948008 0.59375 0.0188231 0.0444079
0 0.124086 0.396656 0.0138889 0.03125
0 0.758132 0.476974 0.0184576 0.0438596
0 0.930647 0.530154 0.0392909 0.0361842
0 0.792398 0.354167 0.0171784 0.0405702
0 0.768549 0.356908 0.0158991 0.0361842
0 0.84174 0.385417 0.0175439 0.0422149
0 0.387792 0.280154 0.0149854 0.0345395
0 0.419408 0.444216 0.0182749 0.0413925
0 0.370888 0.367462 0.0144371 0.0353618
0 0.30784 0.501782 0.0166301 0.0408443
0 0.755026 0.335115 0.0155336 0.0370066
0 0.207785 0.363213 0.0146199 0.033443
0 0.715826 0.267955 0.0179094 0.0331689
