0 0.148333 0.943421 0.0133333 0.0236842
0 0.585833 0.293421 0.015 0.0184211
0 0.415833 0.234211 0.00833333 0.0157895
0 0.470833 0.239474 0.00833333 0.0105263
0 0.504167 0.901316 0.025 0.0342105
0 0.53 0.257895 0.0133333 0.0157895
0 0.358333 0.301316 0.0166667 0.0184211
0 0.648333 0.375 0.0266667 0.0394737
0 0.51 0.247368 0.00666667 0.0105263
0 0.54 0.256579 0.00666667 0.0131579
0 0.595833 0.313158 0.00833333 0.0157895
0 0.465833 0.264474 0.00833333 0.0131579
0 0.565 0.3 0.00666667 0.0105263
0 0.498333 0.896053 0.01 0.0184211
0 0.499167 0.243421 0.00833333 0.0131579
0 0.501667 0.247368 0.00666667 0.0105263
0 0.791667 0.410526 0.0466667 0.0263158
0 0.440833 0.247368 0.00833333 0.0105263
0 0.574167 0.292105 0.00833333 0.0105263
0 0.580833 0.302632 0.0183333 0.0210526
0 0.369167 0.244737 0.0183333 0.0210526
0 0.399167 0.225 0.00833333 0.0131579
0 0.871667 0.506579 0.04 0.0710526
0 0.480833 0.267105 0.0116667 0.0184211
0 0.220833 0.238158 0.00833333 0.0131579
0 0.454167 0.230263 0.00833333 0.0131579
0 0.259167 0.363158 0.045 0.0789474
0 0.724167 0.957895 0.0216667 0.0210526
0 0.415 0.256579 0.00666667 0.0131579
0 0.538333 0.677632 0.0266667 0.0289474
0 0.403333 0.856579 0.0233333 0.0342105
0 0.251667 0.243421 0.00666667 0.0131579
0 0.54 0.265789 0.00666667 0.0105263
0 0.4925 0.286842 0.00833333 0.0157895
0 0.663333 0.365789 0.0166667 0.0263158
0 0.5525 0.25 0.015 0.0157895
0 0.47 0.396053 0.03 0.0394737
0 0.1425 0.256579 0.00833333 0.0131579
0 0.445833 0.230263 0.00833333 0.0131579
0 0.395833 0.372368 0.0283333 0.0184211
0 0.225833 0.235526 0.00833333 0.0131579
0 0.791667 0.5 0.0333333 0.0578947
0 0.46 0.239474 0.00666667 0.0105263
0 0.7175 0.975 0.00833333 0.0131579
0 0.46 0.230263 0.00666667 0.00789474
0 0.494167 0.884211 0.0283333 0.0421053
0 0.253333 0.247368 0.00666667 0.0105263
0 0.725833 0.496053 0.0416667 0.0763158
0 0.425833 0.259211 0.0116667 0.0184211
0 0.475 0.763158 0.0266667 0.0421053
0 0.1375 0.957895 0.0116667 0.0157895
0 0.500833 0.282895 0.00833333 0.0131579
0 0.210833 0.369737 0.0416667 0.0447368
0 0.563333 0.330263 0.0233333 0.0394737
0 0.248333 0.247368 0.00666667 0.0105263
0 0.698333 0.944737 0.00666667 0.0105263
0 0.265833 0.311842 0.0183333 0.0342105
0 0.7325 0.592105 0.045 0.0631579
0 0.386667 0.286842 0.0166667 0.0210526
0 0.54 0.242105 0.00666667 0.0105263
0 0.479167 0.238158 0.00833333 0.0131579
0 0.754167 0.969737 0.0116667 0.0184211
0 0.5925 0.346053 0.035 0.0289474
0 0.1375 0.935526 0.0116667 0.0184211
0 0.709167 0.95 0.00833333 0.0157895
0 0.218333 0.234211 0.00666667 0.0105263
0 0.559167 0.282895 0.00833333 0.0131579
0 0.559167 0.247368 0.0116667 0.0157895
0 0.4375 0.235526 0.00833333 0.0131579
0 0.575 0.328947 0.0133333 0.0210526
0 0.503333 0.414474 0.0433333 0.0763158
0 0.4375 0.252632 0.00833333 0.0157895
0 0.443333 0.243421 0.00666667 0.0131579
0 0.835833 0.436842 0.0283333 0.0315789
0 0.450833 0.238158 0.0116667 0.0131579
0 0.735833 0.725 0.0483333 0.0342105
0 0.5625 0.296053 0.00833333 0.0131579
0 0.906667 0.623684 0.0233333 0.0368421
0 0.338333 0.277632 0.0333333 0.0342105
0 0.468333 0.277632 0.01 0.0131579
0 0.404167 0.501316 0.00833333 0.0184211
0 0.57 0.259211 0.0133333 0.0184211
0 0.6125 0.335526 0.00833333 0.0184211
0 0.470833 0.264474 0.00833333 0.0131579
0 0.4125 0.239474 0.00833333 0.0157895
0 0.545833 0.247368 0.00833333 0.0157895
0 0.755833 0.430263 0.035 0.0657895
0 0.504167 0.243421 0.00833333 0.0131579
0 0.4325 0.243421 0.00833333 0.0131579
0 0.553333 0.267105 0.0166667 0.0184211
0 0.465833 0.228947 0.00833333 0.0157895
0 0.924167 0.618421 0.0216667 0.0210526
0 0.604167 0.307895 0.00833333 0.0157895
0 0.875 0.464474 0.03 0.0605263
0 0.429167 0.234211 0.00833333 0.0157895
0 0.85 0.467105 0.0266667 0.0447368
0 0.26 0.961842 0.02 0.0289474
0 0.625 0.327632 0.0133333 0.0236842
0 0.751667 0.672368 0.05 0.0394737
0 0.5175 0.452632 0.0516667 0.0368421
0 0.365 0.953947 0.01 0.0236842
