0 0.621369 0.822335 0.00829876 0.0203046
0 0.564315 0.521574 0.0165975 0.0380711
0 0.608402 0.398477 0.0155602 0.0304569
0 0.896266 0.347716 0.00829876 0.0203046
0 0.695539 0.680203 0.0093361 0.0203046
0 0.557573 0.602792 0.0155602 0.0279188
0 0.82417 0.293147 0.0093361 0.0228426
0 0.598029 0.412437 0.0155602 0.0329949
0 0.303942 0.654822 0.0124481 0.0304569
0 0.654564 0.333756 0.0103734 0.0279188
0 0.420124 0.521574 0.0165975 0.0380711
0 0.858402 0.574873 0.0134855 0.0329949
0 0.13278 0.488579 0.00829876 0.0228426
0 0.537344 0.435279 0.00829876 0.0228426
0 0.852178 0.681472 0.0134855 0.0329949
0 0.591805 0.317259 0.0134855 0.035533
0 0.530083 0.832487 0.0145228 0.0304569
0 0.451763 0.44797 0.0093361 0.0228426
0 0.632261 0.856599 0.0134855 0.0532995
0 0.298755 0.753807 0.00829876 0.0304569
0 0.604253 0.700508 0.0093361 0.0253807
0 0.563797 0.559645 0.0134855 0.0279188
0 0.631224 0.738579 0.0134855 0.0304569
0 0.540456 0.469543 0.0103734 0.0253807
0 0.814315 0.26269 0.0186722 0.0329949
0 0.207469 0.42132 0.00829876 0.0253807
0 0.240664 0.516497 0.00829876 0.0228426
0 0.71473 0.630711 0.00829876 0.0228426
0 0.70695 0.366751 0.0114108 0.0228426
0 0.841286 0.356599 0.0165975 0.0329949
0 0.384855 0.373096 0.0103734 0.0253807
0 0.74222 0.720812 0.0134855 0.0304569
0 0.120851 0.408629 0.0114108 0.0253807
0 0.593361 0.733503 0.00829876 0.0253807
0 0.313797 0.615482 0.0134855 0.0279188
0 0.836618 0.77665 0.0155602 0.0304569
0 0.797718 0.588832 0.0124481 0.035533
0 0.466286 0.549492 0.0134855 0.0482234
0 0.113589 0.505076 0.0134855 0.0304569
0 0.446577 0.628173 0.0176349 0.0329949
0 0.787344 0.857868 0.0124481 0.035533
0 0.295643 0.692893 0.00829876 0.0203046
0 0.173237 0.427665 0.00829876 0.0228426
0 0.187759 0.488579 0.00829876 0.0228426
0 0.503631 0.720812 0.0093361 0.0253807
0 0.557054 0.428934 0.00829876 0.0203046
0 0.0803942 0.465736 0.0134855 0.0279188
0 0.782676 0.389594 0.0238589 0.0532995
0 0.28112 0.549492 0.0145228 0.0329949
0 0.881743 0.285533 0.00829876 0.0228426
0 0.670643 0.338832 0.0114108 0.0228426
0 0.202282 0.536802 0.0165975 0.0380711
0 0.746369 0.156091 0.0197095 0.0329949
0 0.884855 0.340102 0.00829876 0.0203046
0 0.729253 0.814721 0.0103734 0.0304569
0 0.44139 0.450508 0.0155602 0.0279188
0 0.580913 0.492386 0.0165975 0.035533
0 0.369813 0.72335 0.0155602 0.0406091
0 0.479253 0.39467 0.00829876 0.0228426
0 0.631224 0.696701 0.0176349 0.0431472
0 0.563278 0.781726 0.0103734 0.0253807
0 0.419087 0.765228 0.0207469 0.0431472
0 0.157676 0.619289 0.0145228 0.0558376
0 0.841286 0.588832 0.0165975 0.0304569
0 0.947614 0.502538 0.0114108 0.035533
0 0.441909 0.520305 0.0145228 0.035533
0 0.469917 0.625634 0.0124481 0.0329949
0 0.871369 0.360406 0.00829876 0.0253807
0 0.375 0.777919 0.0155602 0.0329949
0 0.658195 0.300761 0.0134855 0.0279188
0 0.381224 0.32868 0.0134855 0.0329949
0 0.365145 0.474619 0.0103734 0.0304569
0 0.837656 0.833756 0.0176349 0.0431472
0 0.273859 0.39467 0.00829876 0.0228426
0 0.348029 0.411168 0.0155602 0.0406091
0 0.625519 0.314721 0.0124481 0.0304569
0 0.364108 0.425127 0.0145228 0.0329949
0 0.386929 0.532995 0.0186722 0.0406091
0 0.380705 0.78934 0.0165975 0.035533
0 0.229253 0.654822 0.0207469 0.0406091
0 0.0969917 0.440355 0.0155602 0.0380711
0 0.280602 0.629442 0.0155602 0.0406091
0 0.881224 0.564721 0.0134855 0.0380711
0 0.348548 0.366751 0.00829876 0.0177665
0 0.436203 0.398477 0.0155602 0.0304569
0 0.40249 0.464467 0.0124481 0.0304569
0 0.859959 0.666244 0.00829876 0.0228426
0 0.884855 0.461929 0.0103734 0.0253807
0 0.58973 0.780457 0.0093361 0.0279188
0 0.0710581 0.435279 0.0155602 0.0228426
0 0.190871 0.387056 0.00829876 0.0228426
0 0.443465 0.354061 0.0093361 0.0228426
0 0.424793 0.384518 0.0134855 0.0279188
0 0.373444 0.468274 0.00829876 0.0228426
0 0.343361 0.727157 0.0103734 0.0279188
0 0.312241 0.755076 0.00829876 0.0228426
0 0.0803942 0.450508 0.0134855 0.0279188
0 0.258299 0.426396 0.0145228 0.0304569
0 0.120332 0.520305 0.0145228 0.035533
0 0.659751 0.340102 0.00829876 0.0203046
0 0.414419 0.670051 0.0176349 0.0406091
0 0.779564 0.807107 0.0155602 0.0304569
0 0.841286 0.739848 0.0165975 0.0380711
0 0.858402 0.75 0.0134855 0.0279188
0 0.807573 0.27665 0.0176349 0.035533
0 0.614108 0.313452 0.0124481 0.0279188
0 0.903008 0.439086 0.0155602 0.035533
0 0.851141 0.22335 0.0093361 0.0253807
0 0.759336 0.767766 0.00829876 0.0228426
0 0.579357 0.645939 0.0093361 0.0228426
0 0.662344 0.610406 0.0114108 0.0329949
0 0.430498 0.600254 0.0145228 0.0329949
0 0.942946 0.488579 0.00829876 0.0279188
0 0.74222 0.604061 0.0155602 0.0304569
0 0.428942 0.516497 0.0093361 0.0279188
0 0.85166 0.522843 0.00829876 0.0203046
0 0.767635 0.338832 0.0124481 0.0279188
0 0.336618 0.682741 0.0176349 0.0406091
0 0.295643 0.638325 0.00829876 0.0228426
0 0.262448 0.39467 0.00829876 0.0228426
0 0.330394 0.586294 0.0155602 0.035533
0 0.48444 0.39467 0.00829876 0.0228426
0 0.220436 0.439086 0.0134855 0.035533
0 0.770228 0.437817 0.0176349 0.0532995
0 0.641598 0.345178 0.0155602 0.0304569
0 0.807573 0.629442 0.0155602 0.0304569
0 0.658714 0.451777 0.0165975 0.035533
0 0.689834 0.441624 0.00829876 0.0253807
0 0.809129 0.31599 0.0186722 0.0431472
0 0.302386 0.615482 0.0155602 0.0329949
0 0.862552 0.435279 0.00726141 0.0177665
0 0.791494 0.467005 0.0145228 0.0304569
0 0.580394 0.67132 0.0134855 0.0279188
0 0.401452 0.84264 0.0103734 0.0304569
0 0.46888 0.777919 0.0165975 0.0380711
0 0.608402 0.36802 0.0134855 0.0304569
0 0.432054 0.571066 0.0114108 0.0304569
0 0.864627 0.318528 0.0114108 0.0177665
0 0.601141 0.788071 0.0114108 0.0380711
0 0.147303 0.503807 0.0124481 0.0279188
0 0.923755 0.61802 0.0093361 0.0228426
0 0.197095 0.425127 0.0124481 0.0279188
0 0.845436 0.774112 0.00829876 0.0253807
0 0.745851 0.739848 0.00829876 0.0228426
0 0.642116 0.805838 0.0165975 0.0380711
0 0.869295 0.574873 0.0165975 0.0380711
0 0.568983 0.616751 0.0176349 0.0406091
0 0.135373 0.505076 0.0155602 0.0304569
0 0.224066 0.469543 0.00829876 0.0253807
0 0.768154 0.794416 0.0093361 0.0253807
0 0.485996 0.425127 0.0134855 0.0279188
0 0.423237 0.338832 0.0103734 0.0228426
0 0.831432 0.534264 0.0155602 0.0380711
0 0.41805 0.359137 0.00829876 0.0228426
0 0.342324 0.601523 0.0124481 0.035533
0 0.44139 0.777919 0.0176349 0.0380711
0 0.71888 0.818528 0.0186722 0.0380711
0 0.552386 0.642132 0.0134855 0.0304569
0 0.903008 0.724619 0.0155602 0.0329949
0 0.879668 0.468274 0.00829876 0.0228426
0 0.529046 0.564721 0.0103734 0.0279188
0 0.89056 0.597716 0.0093361 0.0228426
0 0.497925 0.331218 0.0124481 0.0279188
0 0.868257 0.705584 0.00829876 0.0203046
0 0.840249 0.489848 0.00829876 0.0203046
0 0.870332 0.413706 0.0145228 0.035533
0 0.873444 0.727157 0.00829876 0.0228426
0 0.291494 0.546954 0.0145228 0.0329949
0 0.856846 0.272843 0.00829876 0.0228426
0 0.854253 0.461929 0.0114108 0.0253807
0 0.420643 0.833756 0.0134855 0.0380711
0 0.864108 0.261421 0.0145228 0.0304569
0 0.517635 0.291878 0.00829876 0.0203046
0 0.59751 0.478426 0.0165975 0.0380711
0 0.278527 0.494924 0.0093361 0.0253807
0 0.695539 0.203046 0.0176349 0.0253807
0 0.186203 0.602792 0.0176349 0.0431472
0 0.947095 0.463198 0.0124481 0.0279188
0 0.776452 0.543147 0.0114108 0.0304569
0 0.870332 0.304569 0.0165975 0.0203046
0 0.801867 0.453046 0.0165975 0.0329949
0 0.290456 0.380711 0.00829876 0.0203046
0 0.89834 0.550761 0.00829876 0.0203046
0 0.876037 0.494924 0.0134855 0.0253807
0 0.929979 0.478426 0.0134855 0.0279188
0 0.51971 0.598985 0.0145228 0.035533
0 0.525934 0.516497 0.0103734 0.0228426
0 0.513485 0.451777 0.0145228 0.0304569
0 0.375 0.642132 0.0155602 0.0304569
0 0.909232 0.393401 0.0093361 0.0203046
0 0.275415 0.68401 0.0155602 0.0380711
0 0.887448 0.39467 0.00726141 0.0177665
0 0.865145 0.536802 0.00829876 0.0228426
0 0.452801 0.752538 0.0155602 0.0380711
0 0.726141 0.779188 0.0145228 0.035533
0 0.696058 0.468274 0.0103734 0.0279188
0 0.737552 0.507614 0.0165975 0.0406091
0 0.373444 0.677665 0.0103734 0.0253807
0 0.393154 0.680203 0.0103734 0.0253807
0 0.531639 0.449239 0.0114108 0.0253807
0 0.234958 0.366751 0.0093361 0.0228426
0 0.746888 0.766497 0.0124481 0.0304569
0 0.39056 0.359137 0.0093361 0.0228426
0 0.254668 0.544416 0.0093361 0.0279188
0 0.596992 0.28934 0.0134855 0.0253807
0 0.648859 0.625634 0.0093361 0.0228426
0 0.187759 0.563452 0.00829876 0.0253807
0 0.559129 0.465736 0.0145228 0.0329949
0 0.243257 0.373096 0.00726141 0.0203046
0 0.567946 0.794416 0.0093361 0.0253807
0 0.268154 0.672589 0.0093361 0.0253807
0 0.752593 0.28934 0.0155602 0.0406091
0 0.0975104 0.494924 0.0145228 0.035533
0 0.621369 0.395939 0.00829876 0.0253807
0 0.112552 0.42132 0.0093361 0.0253807
0 0.920643 0.463198 0.0155602 0.0380711
0 0.735996 0.370558 0.0155602 0.0304569
0 0.752593 0.251269 0.0197095 0.0304569
0 0.33195 0.550761 0.00829876 0.0203046
0 0.454357 0.666244 0.00829876 0.0228426
0 0.546681 0.412437 0.0145228 0.0279188
0 0.706432 0.543147 0.00829876 0.0253807
0 0.525934 0.656091 0.0145228 0.0380711
0 0.646784 0.437817 0.0155602 0.0329949
0 0.558091 0.317259 0.0165975 0.035533
0 0.932054 0.399746 0.0093361 0.0279188
0 0.687241 0.692893 0.0093361 0.0253807
0 0.8361 0.426396 0.0145228 0.0253807
0 0.319502 0.720812 0.0124481 0.0304569
0 0.429461 0.319797 0.0165975 0.0203046
0 0.241183 0.411168 0.0155602 0.0304569
0 0.890041 0.42132 0.00829876 0.0253807
0 0.0788382 0.43401 0.0103734 0.0253807
0 0.794087 0.496193 0.0093361 0.0279188
0 0.901452 0.522843 0.00829876 0.0253807
0 0.860477 0.247462 0.0114108 0.0329949
0 0.714212 0.546954 0.0134855 0.0329949
0 0.543568 0.550761 0.00829876 0.0253807
0 0.623444 0.836294 0.00829876 0.0228426
0 0.864627 0.365482 0.0093361 0.0253807
0 0.495332 0.44797 0.0114108 0.0329949
0 0.330394 0.615482 0.0134855 0.0279188
0 0.0622407 0.468274 0.00829876 0.0228426
0 0.298755 0.664975 0.00829876 0.0203046
0 0.746888 0.34264 0.0165975 0.035533
0 0.769191 0.277919 0.0155602 0.0380711
0 0.508299 0.332487 0.0145228 0.0304569
0 0.662344 0.517766 0.0093361 0.0253807
0 0.723029 0.848985 0.00829876 0.0228426
0 0.663382 0.440355 0.0155602 0.0329949
0 0.596992 0.805838 0.0155602 0.0329949
0 0.190871 0.503807 0.00829876 0.0228426
0 0.487552 0.366751 0.0103734 0.0228426
0 0.780083 0.436548 0.0186722 0.0456853
0 0.814315 0.601523 0.0145228 0.0304569
0 0.379149 0.692893 0.0093361 0.0253807
0 0.784232 0.23731 0.00829876 0.0228426
0 0.352697 0.63198 0.0124481 0.0304569
0 0.643672 0.647208 0.0114108 0.0304569
0 0.0695021 0.465736 0.0124481 0.0279188
0 0.406639 0.638325 0.0103734 0.0279188
0 0.286307 0.411168 0.0165975 0.035533
0 0.720954 0.496193 0.00829876 0.0228426
0 0.530602 0.465736 0.0155602 0.0380711
0 0.736515 0.763959 0.0165975 0.0406091
0 0.806535 0.766497 0.0114108 0.0406091
0 0.825207 0.507614 0.0155602 0.035533
0 0.353216 0.507614 0.0134855 0.0304569
0 0.637967 0.291878 0.00829876 0.0203046
0 0.147303 0.464467 0.0145228 0.0304569
0 0.686203 0.859137 0.0176349 0.0380711
0 0.823651 0.719543 0.0103734 0.0279188
0 0.671162 0.788071 0.00829876 0.0228426
0 0.531639 0.496193 0.0093361 0.0228426
0 0.619813 0.711929 0.0155602 0.0380711
0 0.412863 0.619289 0.00829876 0.0253807
0 0.251556 0.564721 0.0114108 0.0279188
0 0.108921 0.480964 0.0165975 0.0380711
0 0.448133 0.563452 0.0145228 0.035533
0 0.484958 0.591371 0.0093361 0.0253807
0 0.576764 0.680203 0.0124481 0.0253807
0 0.274378 0.573604 0.0176349 0.0406091
0 0.5861 0.76269 0.0145228 0.0329949
0 0.434647 0.352792 0.00829876 0.0253807
0 0.507261 0.402284 0.00829876 0.0228426
0 0.691909 0.409898 0.0145228 0.0329949
0 0.573651 0.653553 0.0103734 0.0279188
0 0.531639 0.86802 0.0134855 0.0304569
0 0.892635 0.508883 0.0093361 0.0228426
0 0.573133 0.841371 0.0093361 0.0279188
0 0.147303 0.413706 0.0145228 0.0304569
0 0.404046 0.739848 0.0176349 0.0482234
0 0.0513485 0.488579 0.0114108 0.0329949
0 0.812759 0.809645 0.0093361 0.0253807
0 0.436722 0.65736 0.0165975 0.0406091
0 0.924793 0.411168 0.0134855 0.0304569
0 0.641598 0.591371 0.0176349 0.0406091
0 0.309647 0.40736 0.0093361 0.0228426
0 0.259336 0.614213 0.0145228 0.035533
0 0.841805 0.680203 0.0134855 0.0304569
0 0.157158 0.536802 0.0114108 0.0279188
0 0.729253 0.543147 0.00829876 0.0253807
0 0.698651 0.380711 0.0176349 0.0253807
0 0.506743 0.298223 0.0093361 0.0228426
0 0.320021 0.411168 0.0114108 0.0304569
0 0.131743 0.346447 0.00829876 0.0228426
0 0.547718 0.383249 0.0145228 0.0304569
0 0.812241 0.725888 0.00829876 0.0253807
0 0.681535 0.658629 0.0103734 0.0279188
0 0.858921 0.395939 0.0145228 0.0304569
0 0.657676 0.545685 0.0145228 0.0304569
0 0.55083 0.809645 0.0145228 0.0507614
0 0.859959 0.706853 0.0103734 0.0228426
0 0.353734 0.360406 0.00829876 0.0253807
0 0.235996 0.616751 0.0155602 0.035533
0 0.686722 0.508883 0.0207469 0.0431472
0 0.478734 0.549492 0.0093361 0.0228426
0 0.792531 0.739848 0.00829876 0.0228426
0 0.264523 0.713198 0.0145228 0.0406091
0 0.614627 0.68401 0.0176349 0.0380711
0 0.0684647 0.455584 0.00829876 0.0228426
0 0.613589 0.505076 0.0155602 0.035533
0 0.106846 0.516497 0.00829876 0.0228426
0 0.698651 0.747462 0.00726141 0.0228426
0 0.573651 0.516497 0.00829876 0.0228426
0 0.293568 0.666244 0.00829876 0.0228426
0 0.19917 0.44797 0.00829876 0.0228426
0 0.64834 0.319797 0.0103734 0.0253807
0 0.3361 0.520305 0.0145228 0.0304569
0 0.767635 0.494924 0.00829876 0.0203046
0 0.551349 0.848985 0.0093361 0.0228426
0 0.853216 0.425127 0.0134855 0.0279188
0 0.836618 0.398477 0.0134855 0.0304569
0 0.353216 0.765228 0.0155602 0.0380711
0 0.713693 0.752538 0.0145228 0.0329949
0 0.442946 0.610406 0.00829876 0.0228426
0 0.841805 0.275381 0.0155602 0.0329949
0 0.335062 0.441624 0.00829876 0.0203046
0 0.301349 0.686548 0.0093361 0.0228426
0 0.713693 0.573604 0.0124481 0.0304569
0 0.525934 0.365482 0.0103734 0.0253807
0 0.854253 0.63198 0.0093361 0.0253807
0 0.406639 0.332487 0.0103734 0.0253807
0 0.459544 0.36802 0.0103734 0.0253807
0 0.825726 0.31599 0.0145228 0.0329949
0 0.542012 0.656091 0.0134855 0.0329949
0 0.753112 0.32868 0.0165975 0.0380711
0 0.408714 0.591371 0.0165975 0.035533
0 0.619813 0.534264 0.0155602 0.0380711
0 0.190353 0.401015 0.0093361 0.0253807
0 0.823133 0.80203 0.0093361 0.0253807
0 0.806535 0.548223 0.0176349 0.0406091
0 0.873444 0.699239 0.00829876 0.0228426
0 0.49222 0.398477 0.0134855 0.0304569
0 0.751037 0.44797 0.0124481 0.0279188
0 0.682054 0.346447 0.0093361 0.0228426
0 0.532158 0.326142 0.00829876 0.0228426
0 0.175311 0.534264 0.0165975 0.0380711
0 0.586618 0.794416 0.0114108 0.0304569
0 0.481846 0.31599 0.0114108 0.0279188
0 0.368257 0.748731 0.00829876 0.0253807
0 0.375519 0.379442 0.00829876 0.0228426
0 0.909751 0.516497 0.0103734 0.0228426
0 0.482884 0.496193 0.0114108 0.0279188
0 0.321058 0.747462 0.0114108 0.0228426
0 0.553423 0.574873 0.0134855 0.0329949
0 0.675311 0.385787 0.0145228 0.035533
0 0.796162 0.395939 0.0176349 0.0406091
0 0.270747 0.524112 0.0103734 0.0279188
0 0.613589 0.725888 0.0176349 0.035533
0 0.526971 0.61802 0.0124481 0.0329949
0 0.645747 0.360406 0.0093361 0.0253807
0 0.602697 0.65736 0.0165975 0.0406091
0 0.704357 0.747462 0.00829876 0.0228426
0 0.874481 0.32868 0.0145228 0.0279188
0 0.323651 0.616751 0.0103734 0.0253807
0 0.846992 0.371827 0.0155602 0.0329949
0 0.190353 0.357868 0.0197095 0.0253807
0 0.840768 0.461929 0.0093361 0.0253807
0 0.553942 0.633249 0.00829876 0.0228426
0 0.812759 0.483503 0.0093361 0.0228426
0 0.212137 0.536802 0.0134855 0.0431472
0 0.893154 0.393401 0.00829876 0.0203046
0 0.620851 0.794416 0.0134855 0.0253807
0 0.83195 0.489848 0.0103734 0.0253807
0 0.30083 0.515228 0.0103734 0.0253807
0 0.892116 0.614213 0.0124481 0.0304569
0 0.662863 0.409898 0.0145228 0.0329949
0 0.314834 0.549492 0.0093361 0.0279188
0 0.785788 0.640863 0.0155602 0.0329949
0 0.941909 0.454315 0.0145228 0.0304569
0 0.790975 0.659898 0.0093361 0.0253807
0 0.487552 0.442893 0.00829876 0.0228426
0 0.230809 0.532995 0.0155602 0.0304569
0 0.75778 0.369289 0.0176349 0.0380711
0 0.509336 0.864213 0.0145228 0.0431472
0 0.541494 0.508883 0.0145228 0.0329949
0 0.52334 0.774112 0.0093361 0.0253807
0 0.470436 0.426396 0.0134855 0.0304569
0 0.248444 0.413706 0.0093361 0.0253807
0 0.607884 0.643401 0.0165975 0.0329949
0 0.690353 0.64467 0.0093361 0.0253807
0 0.0534232 0.478426 0.0217842 0.0431472
0 0.762448 0.538071 0.0145228 0.0456853
0 0.363071 0.534264 0.0165975 0.0329949
0 0.676349 0.775381 0.00829876 0.0228426
0 0.709544 0.461929 0.0103734 0.0304569
0 0.39834 0.455584 0.00829876 0.0228426
0 0.58195 0.373096 0.0145228 0.0406091
0 0.373963 0.63198 0.0093361 0.0253807
0 0.78112 0.736041 0.0145228 0.0304569
0 0.425311 0.643401 0.0145228 0.0380711
0 0.618257 0.563452 0.0103734 0.0253807
0 0.562759 0.442893 0.0093361 0.0228426
0 0.929979 0.643401 0.0176349 0.0431472
0 0.515041 0.380711 0.0093361 0.0253807
0 0.625 0.604061 0.0155602 0.0406091
0 0.125519 0.493655 0.0145228 0.0329949
0 0.381743 0.71066 0.0145228 0.0406091
0 0.520747 0.804569 0.0145228 0.0406091
0 0.795643 0.217005 0.0145228 0.0228426
0 0.686722 0.724619 0.0145228 0.0329949
0 0.485996 0.602792 0.0155602 0.0329949
0 0.750519 0.543147 0.0114108 0.035533
0 0.584544 0.399746 0.0114108 0.0279188
0 0.574689 0.290609 0.0124481 0.0279188
0 0.112552 0.522843 0.0093361 0.0253807
0 0.401452 0.475888 0.00829876 0.0228426
0 0.192946 0.488579 0.00829876 0.0228426
0 0.379149 0.441624 0.0093361 0.0253807
0 0.431535 0.624366 0.0103734 0.0253807
0 0.479253 0.611675 0.00829876 0.0253807
0 0.164419 0.587563 0.0134855 0.0329949
0 0.462137 0.414975 0.0093361 0.0228426
0 0.326245 0.352792 0.0093361 0.0253807
0 0.664419 0.713198 0.0155602 0.035533
0 0.340249 0.461929 0.00829876 0.0253807
0 0.275934 0.652284 0.0103734 0.0304569
0 0.459025 0.549492 0.0134855 0.0329949
0 0.364108 0.616751 0.0145228 0.0304569
0 0.313278 0.437817 0.0145228 0.0279188
0 0.568983 0.467005 0.0155602 0.035533
0 0.569502 0.317259 0.0145228 0.0304569
0 0.446058 0.42132 0.00829876 0.0253807
0 0.801867 0.271574 0.0103734 0.0304569
0 0.585062 0.699239 0.0103734 0.0329949
0 0.906639 0.658629 0.0124481 0.0380711
0 0.625 0.818528 0.0134855 0.0279188
0 0.517635 0.305838 0.00829876 0.0228426
0 0.323133 0.373096 0.0093361 0.0253807
0 0.393154 0.43401 0.0145228 0.0253807
0 0.0985477 0.482233 0.00829876 0.0253807
0 0.3361 0.411168 0.0145228 0.0304569
0 0.365145 0.678934 0.0103734 0.0279188
0 0.552386 0.477157 0.0155602 0.035533
0 0.856846 0.380711 0.0103734 0.0304569
0 0.857884 0.290609 0.0145228 0.0329949
0 0.64056 0.848985 0.0114108 0.0329949
0 0.659232 0.588832 0.0197095 0.0406091
0 0.709544 0.619289 0.0145228 0.035533
0 0.580394 0.32868 0.0197095 0.0431472
0 0.240145 0.387056 0.0093361 0.0279188
0 0.691909 0.615482 0.0145228 0.0380711
0 0.309647 0.455584 0.0114108 0.0279188
0 0.431017 0.546954 0.0155602 0.0380711
0 0.884855 0.42132 0.00829876 0.0203046
0 0.237552 0.461929 0.0103734 0.0253807
0 0.814315 0.393401 0.0145228 0.035533
0 0.781639 0.719543 0.0093361 0.0279188
0 0.358921 0.397208 0.0145228 0.0380711
0 0.881224 0.370558 0.0134855 0.0304569
0 0.731328 0.383249 0.0145228 0.035533
0 0.412863 0.544416 0.0103734 0.0329949
0 0.479253 0.633249 0.00829876 0.0228426
0 0.675311 0.616751 0.0145228 0.035533
0 0.517635 0.788071 0.0103734 0.0329949
0 0.58195 0.530457 0.0103734 0.0253807
0 0.891598 0.357868 0.0134855 0.0253807
0 0.651971 0.861675 0.0134855 0.0532995
0 0.508299 0.412437 0.0124481 0.0329949
0 0.169606 0.506345 0.0155602 0.0380711
0 0.330913 0.494924 0.0186722 0.0456853
0 0.591286 0.384518 0.0145228 0.0329949
0 0.451245 0.780457 0.0103734 0.0279188
0 0.357365 0.441624 0.0093361 0.0253807
0 0.470436 0.585025 0.0114108 0.0329949
0 0.737552 0.664975 0.0103734 0.0253807
0 0.729253 0.645939 0.00829876 0.0228426
0 0.843361 0.706853 0.0103734 0.0279188
0 0.823133 0.271574 0.0093361 0.0253807
0 0.47666 0.36802 0.0093361 0.0253807
0 0.484958 0.352792 0.0093361 0.0203046
0 0.737033 0.44797 0.0093361 0.0279188
0 0.745851 0.505076 0.0186722 0.0507614
0 0.591805 0.628173 0.0155602 0.0329949
0 0.292012 0.61802 0.0155602 0.0380711
0 0.453319 0.373096 0.0124481 0.0304569
0 0.859959 0.774112 0.00829876 0.0253807
0 0.474066 0.388325 0.00829876 0.0253807
0 0.509336 0.494924 0.0145228 0.035533
0 0.321058 0.672589 0.0093361 0.0253807
0 0.517635 0.474619 0.0103734 0.0304569
0 0.853734 0.543147 0.0103734 0.0253807
0 0.741701 0.67132 0.0145228 0.0329949
0 0.267635 0.502538 0.00829876 0.0253807
0 0.601141 0.346447 0.0093361 0.0228426
0 0.781639 0.482233 0.0093361 0.0304569
0 0.787863 0.597716 0.0093361 0.0228426
0 0.752593 0.711929 0.0155602 0.0380711
0 0.437241 0.591371 0.0093361 0.0253807
0 0.641598 0.385787 0.0134855 0.0304569
0 0.615145 0.775381 0.0103734 0.0228426
0 0.487033 0.739848 0.0093361 0.0279188
0 0.225622 0.587563 0.0176349 0.0431472
0 0.245851 0.604061 0.0103734 0.0304569
0 0.252593 0.521574 0.0217842 0.0482234
0 0.295643 0.380711 0.0103734 0.0203046
0 0.517635 0.352792 0.0103734 0.0253807
0 0.864108 0.73731 0.0145228 0.0329949
0 0.665456 0.727157 0.0093361 0.0279188
0 0.814834 0.753807 0.0093361 0.0253807
0 0.775934 0.638325 0.00829876 0.0279188
0 0.190353 0.461929 0.0093361 0.0253807
0 0.731328 0.422589 0.0145228 0.0329949
0 0.157158 0.516497 0.0093361 0.0279188
0 0.336618 0.573604 0.0155602 0.035533
0 0.297718 0.711929 0.0124481 0.0329949
0 0.723548 0.535533 0.0093361 0.0253807
0 0.264004 0.441624 0.0155602 0.035533
0 0.819502 0.454315 0.0186722 0.035533
0 0.264004 0.535533 0.0155602 0.035533
0 0.746888 0.408629 0.0186722 0.0456853
0 0.670643 0.809645 0.00726141 0.0203046
0 0.279046 0.46066 0.0145228 0.0431472
0 0.698651 0.63198 0.0093361 0.0253807
0 0.235996 0.425127 0.0155602 0.0380711
0 0.385373 0.724619 0.0155602 0.0380711
0 0.615145 0.604061 0.0103734 0.0304569
0 0.445539 0.530457 0.0093361 0.0304569
0 0.475622 0.345178 0.0114108 0.0304569
0 0.685166 0.805838 0.0155602 0.0329949
0 0.919606 0.398477 0.0155602 0.035533
0 0.634336 0.521574 0.0134855 0.0482234
0 0.924274 0.451777 0.0145228 0.0304569
0 0.823133 0.42132 0.0093361 0.0253807
0 0.213174 0.587563 0.0176349 0.0380711
0 0.613071 0.356599 0.0145228 0.0329949
0 0.886411 0.251269 0.0134855 0.0304569
0 0.70695 0.583756 0.0093361 0.0253807
0 0.274896 0.425127 0.0145228 0.0329949
0 0.608402 0.32868 0.0134855 0.0279188
0 0.576245 0.441624 0.0093361 0.0253807
0 0.901971 0.36802 0.0114108 0.0253807
0 0.687759 0.549492 0.0103734 0.0279188
0 0.557573 0.369289 0.0155602 0.0329949
0 0.940353 0.576142 0.0093361 0.0253807
0 0.412863 0.493655 0.0165975 0.0380711
0 0.467842 0.488579 0.0124481 0.0482234
0 0.76971 0.65736 0.0124481 0.0304569
0 0.580394 0.412437 0.0134855 0.0329949
0 0.684647 0.767766 0.0103734 0.0279188
0 0.313278 0.38198 0.00829876 0.0228426
0 0.84751 0.670051 0.0145228 0.035533
0 0.414938 0.324873 0.0103734 0.0253807
0 0.490664 0.761421 0.00829876 0.0253807
0 0.396266 0.408629 0.0103734 0.0253807
0 0.0762448 0.477157 0.0093361 0.0253807
0 0.704357 0.672589 0.0103734 0.0253807
0 0.317946 0.39467 0.0093361 0.0228426
0 0.656639 0.699239 0.0103734 0.0279188
0 0.403527 0.541878 0.0124481 0.0431472
0 0.859959 0.312183 0.00829876 0.0203046
0 0.115145 0.494924 0.00829876 0.0253807
0 0.630187 0.548223 0.0155602 0.0304569
0 0.525415 0.412437 0.0134855 0.0329949
0 0.458506 0.507614 0.0145228 0.0304569
0 0.604772 0.354061 0.00829876 0.0228426
0 0.435166 0.751269 0.0155602 0.0304569
0 0.231846 0.461929 0.0093361 0.0253807
0 0.384855 0.360406 0.0103734 0.0253807
0 0.707988 0.345178 0.0134855 0.0304569
0 0.836618 0.63198 0.0134855 0.0304569
0 0.254149 0.652284 0.00829876 0.0253807
0 0.920643 0.597716 0.0093361 0.0279188
0 0.734959 0.279188 0.0093361 0.0253807
0 0.10166 0.42132 0.0103734 0.0253807
0 0.615145 0.326142 0.00829876 0.0228426
0 0.765041 0.827411 0.0093361 0.0253807
0 0.0596473 0.489848 0.0093361 0.0253807
0 0.40249 0.699239 0.0124481 0.0329949
0 0.870851 0.61802 0.0093361 0.0279188
0 0.309129 0.667513 0.0124481 0.035533
0 0.691909 0.73731 0.0145228 0.0329949
0 0.587656 0.659898 0.0093361 0.0253807
0 0.54305 0.299492 0.0093361 0.0253807
0 0.76971 0.845178 0.0145228 0.035533
0 0.554979 0.714467 0.0124481 0.0329949
0 0.609959 0.766497 0.0103734 0.0253807
0 0.575207 0.426396 0.0134855 0.0304569
0 0.657676 0.291878 0.00829876 0.0253807
0 0.224585 0.480964 0.0134855 0.0329949
0 0.28112 0.387056 0.0145228 0.0329949
0 0.670124 0.538071 0.0165975 0.0507614
0 0.623963 0.326142 0.0114108 0.0228426
0 0.363071 0.591371 0.00829876 0.0253807
0 0.631224 0.426396 0.0176349 0.0456853
0 0.348029 0.651015 0.0093361 0.0279188
0 0.720954 0.645939 0.0103734 0.0279188
0 0.459544 0.332487 0.0103734 0.0253807
0 0.0866183 0.426396 0.0114108 0.0304569
0 0.570539 0.719543 0.00829876 0.0228426
0 0.709544 0.767766 0.0103734 0.0228426
0 0.735996 0.318528 0.0176349 0.0482234
0 0.481846 0.530457 0.0093361 0.0253807
0 0.640041 0.305838 0.0103734 0.0279188
0 0.137967 0.39467 0.0103734 0.0279188
0 0.179461 0.451777 0.0145228 0.0304569
0 0.556535 0.564721 0.0093361 0.0279188
0 0.281639 0.521574 0.0093361 0.0228426
0 0.698133 0.696701 0.0124481 0.0329949
0 0.704357 0.326142 0.00829876 0.0279188
0 0.425311 0.507614 0.0124481 0.0304569
0 0.217324 0.387056 0.0114108 0.0329949
0 0.352697 0.68401 0.0145228 0.0380711
0 0.408714 0.451777 0.0145228 0.035533
0 0.182054 0.414975 0.0093361 0.0279188
0 0.246888 0.384518 0.0124481 0.0279188
0 0.33973 0.43401 0.0093361 0.0253807
0 0.142635 0.474619 0.0093361 0.0253807
0 0.156639 0.441624 0.00829876 0.0253807
0 0.487033 0.319797 0.0093361 0.0253807
0 0.560166 0.796954 0.0165975 0.0456853
0 0.180498 0.383249 0.0124481 0.0304569
0 0.116183 0.356599 0.0165975 0.0380711
0 0.698651 0.861675 0.0134855 0.0380711
0 0.382261 0.401015 0.0093361 0.0253807
0 0.539938 0.318528 0.0093361 0.0279188
0 0.618257 0.591371 0.0103734 0.0304569
0 0.587137 0.819797 0.0165975 0.0456853
0 0.629149 0.502538 0.0093361 0.0304569
0 0.536307 0.795685 0.0207469 0.0431472
0 0.564834 0.32868 0.0134855 0.0329949
0 0.737552 0.359137 0.0103734 0.0279188
0 0.818983 0.532995 0.0155602 0.0406091
0 0.6639 0.67132 0.0145228 0.0329949
0 0.803423 0.40736 0.0093361 0.0279188
0 0.774896 0.832487 0.0145228 0.035533
0 0.103734 0.543147 0.0186722 0.035533
0 0.253112 0.602792 0.0145228 0.0380711
0 0.457988 0.451777 0.0134855 0.0304569
0 0.832469 0.263959 0.0093361 0.0253807
0 0.42583 0.711929 0.0155602 0.0380711
0 0.457469 0.80203 0.0103734 0.0304569
0 0.487552 0.80203 0.0103734 0.0304569
0 0.679461 0.591371 0.00829876 0.0253807
0 0.865664 0.271574 0.0093361 0.0253807
0 0.553942 0.658629 0.00829876 0.0279188
0 0.650934 0.284264 0.0093361 0.0253807
0 0.809129 0.658629 0.0145228 0.0380711
0 0.59751 0.345178 0.0145228 0.035533
0 0.470954 0.747462 0.0145228 0.0329949
0 0.341805 0.384518 0.0134855 0.0329949
0 0.837656 0.270305 0.0093361 0.0228426
0 0.71473 0.658629 0.0145228 0.0380711
0 0.353216 0.591371 0.0134855 0.035533
0 0.758299 0.491117 0.0165975 0.0380711
0 0.542531 0.833756 0.0145228 0.0380711
0 0.74222 0.775381 0.0134855 0.0329949
0 0.289938 0.461929 0.0134855 0.0507614
0 0.220954 0.40736 0.0103734 0.0279188
0 0.457469 0.682741 0.0145228 0.035533
0 0.743257 0.46066 0.0114108 0.0329949
0 0.445539 0.666244 0.0093361 0.0279188
0 0.386411 0.588832 0.0176349 0.0456853
0 0.595954 0.597716 0.0114108 0.0329949
0 0.114627 0.437817 0.0134855 0.0380711
0 0.060166 0.510152 0.00829876 0.0253807
0 0.465249 0.352792 0.0093361 0.0253807
0 0.643154 0.720812 0.0145228 0.035533
0 0.359958 0.374365 0.0103734 0.0279188
0 0.520228 0.549492 0.0155602 0.0431472
0 0.737552 0.713198 0.00829876 0.0253807
0 0.570539 0.753807 0.0145228 0.0253807
0 0.792531 0.562183 0.0145228 0.0380711
0 0.896784 0.318528 0.0155602 0.0329949
0 0.612552 0.794416 0.0093361 0.0253807
0 0.796162 0.248731 0.0155602 0.0304569
0 0.397303 0.371827 0.0145228 0.0329949
0 0.723548 0.508883 0.0093361 0.0279188
0 0.709025 0.314721 0.0134855 0.0304569
0 0.615664 0.299492 0.0093361 0.0253807
0 0.157676 0.387056 0.0145228 0.0329949
0 0.276452 0.705584 0.0093361 0.0253807
0 0.510373 0.75 0.0165975 0.0532995
0 0.414419 0.725888 0.0134855 0.035533
0 0.542012 0.356599 0.0134855 0.0329949
0 0.219917 0.543147 0.0124481 0.0456853
0 0.662344 0.488579 0.0114108 0.0380711
0 0.508817 0.588832 0.0134855 0.0304569
0 0.730809 0.864213 0.0155602 0.0431472
0 0.423755 0.401015 0.0093361 0.0253807
0 0.542531 0.686548 0.0145228 0.0380711
0 0.511411 0.555838 0.0103734 0.035533
0 0.459544 0.774112 0.0103734 0.0304569
0 0.462656 0.713198 0.0124481 0.0304569
0 0.781639 0.270305 0.0093361 0.0279188
0 0.632261 0.299492 0.0093361 0.0253807
0 0.426349 0.475888 0.0103734 0.0228426
0 0.578838 0.772843 0.0124481 0.0228426
0 0.729772 0.343909 0.0134855 0.0329949
0 0.462656 0.441624 0.0103734 0.0304569
0 0.653527 0.807107 0.0145228 0.0406091
0 0.154046 0.574873 0.0134855 0.0380711
0 0.617739 0.64467 0.0114108 0.0253807
0 0.598548 0.380711 0.00829876 0.0253807
0 0.678942 0.441624 0.0134855 0.0304569
0 0.123963 0.461929 0.0093361 0.0253807
0 0.849066 0.291878 0.0114108 0.0304569
0 0.553423 0.753807 0.0134855 0.035533
0 0.396266 0.633249 0.0165975 0.0431472
0 0.730809 0.682741 0.0134855 0.0304569
0 0.762967 0.610406 0.0093361 0.0279188
0 0.604772 0.307107 0.00829876 0.0253807
0 0.478734 0.420051 0.0114108 0.0329949
0 0.325726 0.695431 0.0124481 0.0304569
0 0.623444 0.767766 0.00829876 0.0228426
0 0.851141 0.652284 0.0114108 0.0304569
0 0.671162 0.760152 0.0103734 0.0279188
0 0.445539 0.739848 0.0093361 0.0279188
0 0.792012 0.701777 0.0155602 0.0431472
0 0.126037 0.426396 0.0134855 0.035533
0 0.114108 0.467005 0.0145228 0.035533
0 0.493776 0.544416 0.0103734 0.0279188
0 0.618257 0.46066 0.0165975 0.0329949
0 0.148859 0.530457 0.0093361 0.0253807
0 0.521266 0.741117 0.0114108 0.0304569
0 0.303942 0.39467 0.00829876 0.0228426
0 0.33195 0.374365 0.0103734 0.0279188
0 0.657158 0.571066 0.0093361 0.0304569
0 0.802905 0.208122 0.0145228 0.0304569
0 0.430498 0.425127 0.0145228 0.0329949
0 0.265042 0.573604 0.0155602 0.035533
0 0.0518672 0.516497 0.0103734 0.0279188
0 0.718361 0.85533 0.0114108 0.035533
0 0.851141 0.719543 0.0093361 0.0279188
0 0.315353 0.516497 0.0103734 0.0329949
0 0.772822 0.243655 0.0103734 0.0304569
0 0.796681 0.818528 0.0145228 0.0380711
0 0.462656 0.739848 0.0103734 0.0329949
0 0.14056 0.435279 0.0114108 0.0329949
0 0.595954 0.856599 0.0114108 0.0329949
0 0.719917 0.725888 0.0165975 0.0456853
0 0.393154 0.483503 0.00829876 0.0279188
0 0.564315 0.477157 0.0145228 0.035533
0 0.781639 0.361675 0.0155602 0.0532995
0 0.829357 0.251269 0.0093361 0.0253807
0 0.803423 0.534264 0.0134855 0.0329949
0 0.531639 0.427665 0.0093361 0.0228426
0 0.8361 0.303299 0.0165975 0.0380711
0 0.367739 0.44797 0.0093361 0.0279188
0 0.495851 0.590102 0.0124481 0.0380711
0 0.51556 0.638325 0.0103734 0.0279188
0 0.090249 0.441624 0.00829876 0.0253807
0 0.551349 0.541878 0.0093361 0.0279188
0 0.658195 0.761421 0.0134855 0.0304569
0 0.909751 0.699239 0.00829876 0.0228426
0 0.419087 0.796954 0.0124481 0.035533
0 0.463693 0.616751 0.0165975 0.035533
0 0.244813 0.488579 0.0103734 0.0380711
0 0.392635 0.753807 0.0114108 0.035533
0 0.498444 0.624366 0.0114108 0.0253807
0 0.837137 0.244924 0.0103734 0.0329949
0 0.712137 0.392132 0.0093361 0.0279188
0 0.52334 0.332487 0.0093361 0.0253807
0 0.622925 0.739848 0.0093361 0.0279188
0 0.412344 0.360406 0.0093361 0.0253807
0 0.10166 0.581218 0.0145228 0.0558376
0 0.731846 0.719543 0.0114108 0.0380711
0 0.876037 0.277919 0.0093361 0.0228426
0 0.298755 0.435279 0.00829876 0.0228426
0 0.306535 0.474619 0.0134855 0.035533
0 0.162863 0.494924 0.00829876 0.0253807
0 0.773859 0.611675 0.0124481 0.0406091
0 0.918568 0.508883 0.0093361 0.0279188
0 0.345954 0.678934 0.0093361 0.0279188
0 0.298237 0.401015 0.0093361 0.0253807
0 0.834544 0.672589 0.0093361 0.0253807
0 0.753112 0.406091 0.0103734 0.0304569
0 0.701245 0.774112 0.0124481 0.035533
0 0.640041 0.678934 0.0103734 0.0279188
0 0.575726 0.705584 0.0103734 0.0304569
0 0.564315 0.411168 0.0145228 0.035533
0 0.446058 0.503807 0.0103734 0.0279188
0 0.670124 0.725888 0.00829876 0.0253807
0 0.74222 0.30203 0.0155602 0.0406091
0 0.212656 0.42132 0.0103734 0.0304569
0 0.70695 0.725888 0.0197095 0.0304569
0 0.128631 0.380711 0.0186722 0.0304569
0 0.554461 0.380711 0.0093361 0.0253807
0 0.876037 0.678934 0.0093361 0.0279188
0 0.214212 0.467005 0.0134855 0.035533
0 0.252593 0.71066 0.0155602 0.035533
0 0.867739 0.638325 0.0093361 0.0279188
0 0.496369 0.488579 0.0114108 0.0329949
0 0.414419 0.398477 0.0134855 0.035533
0 0.217842 0.488579 0.0103734 0.0279188
0 0.825726 0.385787 0.0165975 0.0406091
0 0.29305 0.413706 0.0093361 0.0253807
0 0.725622 0.318528 0.0093361 0.0279188
0 0.358921 0.469543 0.0145228 0.0406091
0 0.23444 0.494924 0.0103734 0.0304569
0 0.159751 0.463198 0.0103734 0.0329949
0 0.195539 0.393401 0.0093361 0.0253807
0 0.420643 0.597716 0.0134855 0.0380711
0 0.448133 0.699239 0.0165975 0.0532995
0 0.296162 0.489848 0.0114108 0.0304569
0 0.781639 0.61802 0.0093361 0.0279188
0 0.306535 0.366751 0.0093361 0.0279188
0 0.836618 0.753807 0.0134855 0.035533
0 0.570539 0.39467 0.00829876 0.0228426
0 0.823133 0.64467 0.0114108 0.035533
0 0.923236 0.365482 0.00829876 0.0253807
0 0.564834 0.366751 0.0093361 0.0279188
0 0.874481 0.263959 0.0124481 0.0304569
0 0.517635 0.326142 0.00829876 0.0228426
0 0.314834 0.651015 0.0093361 0.0279188
0 0.770228 0.30203 0.0155602 0.035533
0 0.469398 0.668782 0.0134855 0.0380711
0 0.865145 0.236041 0.0186722 0.0253807
0 0.373444 0.597716 0.0103734 0.0279188
0 0.858402 0.612944 0.0134855 0.0329949
0 0.41805 0.583756 0.00829876 0.0253807
0 0.485477 0.55203 0.0103734 0.0279188
0 0.826764 0.77665 0.00829876 0.0253807
0 0.631743 0.630711 0.0124481 0.0380711
0 0.564315 0.711929 0.0124481 0.0329949
0 0.828838 0.332487 0.0103734 0.0253807
0 0.265042 0.480964 0.0093361 0.0279188
0 0.389523 0.46066 0.0093361 0.0279188
0 0.407158 0.800761 0.0134855 0.0431472
0 0.237033 0.68401 0.0134855 0.0482234
0 0.491183 0.648477 0.0155602 0.0431472
0 0.504149 0.324873 0.00829876 0.0253807
0 0.45695 0.63198 0.0114108 0.035533
0 0.357365 0.530457 0.0093361 0.0304569
0 0.703838 0.291878 0.0093361 0.0253807
0 0.45695 0.413706 0.0093361 0.0253807
0 0.167531 0.44797 0.0134855 0.0431472
0 0.529046 0.535533 0.0103734 0.0253807
0 0.549274 0.282995 0.0134855 0.0482234
0 0.526452 0.298223 0.0114108 0.0329949
0 0.362552 0.781726 0.0114108 0.0406091
0 0.607365 0.590102 0.0134855 0.0431472
0 0.496369 0.794416 0.0134855 0.0406091
0 0.495851 0.718274 0.0124481 0.0456853
0 0.52334 0.706853 0.0114108 0.0380711
0 0.780083 0.313452 0.0165975 0.0431472
0 0.692427 0.786802 0.0093361 0.035533
0 0.51971 0.682741 0.0145228 0.0406091
0 0.787344 0.475888 0.0103734 0.0279188
0 0.368776 0.399746 0.0155602 0.0431472
0 0.537344 0.576142 0.0124481 0.0456853
0 0.83973 0.557107 0.0134855 0.0431472
0 0.14834 0.583756 0.0103734 0.035533
0 0.390042 0.658629 0.00829876 0.0279188
0 0.0596473 0.425127 0.0155602 0.0279188
0 0.0845436 0.489848 0.0114108 0.035533
0 0.486515 0.700508 0.0165975 0.0456853
0 0.201245 0.468274 0.0103734 0.0279188
0 0.442946 0.569797 0.00829876 0.0279188
0 0.809647 0.563452 0.0114108 0.0253807
0 0.501556 0.761421 0.0093361 0.0304569
0 0.786826 0.535533 0.0134855 0.0406091
0 0.437241 0.555838 0.0093361 0.0304569
0 0.651452 0.767766 0.00829876 0.0228426
0 0.759855 0.312183 0.0093361 0.0304569
0 0.480809 0.766497 0.0134855 0.035533
0 0.77334 0.774112 0.0093361 0.0304569
0 0.534751 0.374365 0.0114108 0.0329949
0 0.72666 0.352792 0.0093361 0.0253807
0 0.448651 0.803299 0.0093361 0.0279188
0 0.770228 0.521574 0.0093361 0.0279188
0 0.181017 0.522843 0.0134855 0.035533
0 0.534751 0.304569 0.0093361 0.0253807
0 0.13278 0.461929 0.0103734 0.0304569
0 0.848548 0.258883 0.0145228 0.0406091
0 0.810685 0.700508 0.0134855 0.0304569
0 0.720954 0.387056 0.0103734 0.0329949
0 0.451245 0.47335 0.0124481 0.0279188
0 0.404564 0.401015 0.0103734 0.0304569
0 0.254668 0.666244 0.0093361 0.0279188
0 0.35944 0.746193 0.0093361 0.0304569
0 0.0425311 0.493655 0.0103734 0.0380711
0 0.711618 0.26269 0.0207469 0.0482234
0 0.576245 0.808376 0.0114108 0.0329949
0 0.818465 0.571066 0.00829876 0.0253807
0 0.656639 0.678934 0.00829876 0.0228426
0 0.693465 0.814721 0.0093361 0.0304569
0 0.818465 0.42132 0.0103734 0.0304569
0 0.34751 0.549492 0.0145228 0.0380711
0 0.13278 0.422589 0.0103734 0.0329949
0 0.360477 0.708122 0.0134855 0.0456853
0 0.698651 0.564721 0.0093361 0.0279188
0 0.50778 0.695431 0.0155602 0.0406091
0 0.72666 0.455584 0.0134855 0.0380711
0 0.795643 0.359137 0.0103734 0.0279188
0 0.450726 0.346447 0.0093361 0.0279188
0 0.808091 0.425127 0.0145228 0.0380711
0 0.202282 0.39467 0.00829876 0.0228426
0 0.146266 0.549492 0.0124481 0.0380711
0 0.162344 0.42132 0.0093361 0.0253807
0 0.406639 0.427665 0.00829876 0.0279188
0 0.151452 0.380711 0.00829876 0.0253807
0 0.562759 0.678934 0.0093361 0.0279188
0 0.653527 0.373096 0.0145228 0.0406091
0 0.420124 0.46066 0.0145228 0.0228426
0 0.887967 0.304569 0.0103734 0.0304569
0 0.506743 0.455584 0.0093361 0.0279188
0 0.325726 0.454315 0.0145228 0.035533
0 0.468361 0.46066 0.0093361 0.0279188
0 0.75778 0.440355 0.0176349 0.0482234
0 0.501037 0.401015 0.0103734 0.0304569
0 0.179461 0.483503 0.0103734 0.0279188
0 0.512448 0.672589 0.0103734 0.0304569
0 0.647822 0.691624 0.0093361 0.0279188
0 0.782158 0.767766 0.0103734 0.0329949
0 0.785788 0.195431 0.0176349 0.0304569
0 0.161826 0.536802 0.00829876 0.0279188
0 0.253112 0.477157 0.0124481 0.035533
0 0.451245 0.645939 0.00829876 0.0279188
0 0.370332 0.360406 0.0145228 0.0406091
0 0.774896 0.21066 0.026971 0.0456853
0 0.831432 0.800761 0.0093361 0.0279188
0 0.698651 0.65736 0.0176349 0.0304569
0 0.35944 0.494924 0.0093361 0.0304569
0 0.137448 0.549492 0.0134855 0.0482234
0 0.680498 0.398477 0.0145228 0.0406091
0 0.270747 0.468274 0.00829876 0.0279188
0 0.662863 0.755076 0.0103734 0.0329949
0 0.228734 0.42132 0.0114108 0.035533
0 0.309647 0.590102 0.0114108 0.0279188
0 0.311722 0.488579 0.0114108 0.0329949
0 0.592324 0.685279 0.00829876 0.0253807
0 0.479253 0.326142 0.00829876 0.0279188
0 0.712656 0.795685 0.0124481 0.0431472
0 0.531639 0.760152 0.0114108 0.0380711
0 0.259855 0.673858 0.0093361 0.0279188
0 0.270228 0.637056 0.0155602 0.035533
0 0.685166 0.604061 0.0093361 0.0304569
0 0.761411 0.284264 0.0103734 0.035533
0 0.518672 0.86802 0.00829876 0.0304569
0 0.634855 0.786802 0.0124481 0.0406091
0 0.373444 0.420051 0.00829876 0.0279188
0 0.685166 0.475888 0.0134855 0.0431472
0 0.206432 0.502538 0.0124481 0.035533
0 0.292012 0.738579 0.0134855 0.035533
0 0.532158 0.720812 0.0103734 0.0304569
0 0.370851 0.569797 0.0114108 0.0380711
0 0.404046 0.664975 0.0093361 0.0304569
0 0.323651 0.645939 0.0103734 0.0279188
0 0.407158 0.502538 0.0093361 0.0304569
0 0.817946 0.774112 0.0134855 0.0253807
0 0.0959544 0.374365 0.0134855 0.0380711
0 0.626037 0.583756 0.0093361 0.0253807
0 0.820539 0.744924 0.0124481 0.0380711
0 0.657676 0.413706 0.0103734 0.0304569
0 0.618257 0.414975 0.0103734 0.0329949
0 0.16805 0.401015 0.0124481 0.035533
0 0.102697 0.393401 0.0165975 0.0406091
0 0.479253 0.664975 0.0103734 0.035533
0 0.39056 0.699239 0.0134855 0.0431472
0 0.539938 0.401015 0.0093361 0.0304569
0 0.337137 0.727157 0.0103734 0.0329949
0 0.479253 0.461929 0.0103734 0.035533
0 0.104253 0.454315 0.0114108 0.0406091
0 0.356846 0.64467 0.0103734 0.035533
0 0.623444 0.298223 0.0103734 0.0329949
0 0.487033 0.474619 0.0114108 0.035533
0 0.552386 0.329949 0.0155602 0.0406091
0 0.748963 0.270305 0.0145228 0.0380711
0 0.120851 0.365482 0.0134855 0.0304569
0 0.787863 0.508883 0.0114108 0.0279188
0 0.467842 0.378173 0.0124481 0.0406091
0 0.306535 0.536802 0.0093361 0.0279188
0 0.759336 0.678934 0.0124481 0.0431472
0 0.323133 0.48731 0.0093361 0.0304569
0 0.701764 0.808376 0.0093361 0.0329949
0 0.89834 0.664975 0.0124481 0.0406091
0 0.437759 0.475888 0.00829876 0.0279188
0 0.790456 0.813452 0.0103734 0.0329949
0 0.248444 0.67132 0.0114108 0.0380711
0 0.229253 0.380711 0.0103734 0.0304569
0 0.470954 0.319797 0.0103734 0.0304569
0 0.792012 0.775381 0.0134855 0.0380711
0 0.462656 0.658629 0.00829876 0.0279188
0 0.435166 0.501269 0.0114108 0.0380711
0 0.562241 0.616751 0.0124481 0.035533
0 0.606846 0.467005 0.0124481 0.0406091
0 0.47666 0.706853 0.0114108 0.0380711
0 0.76971 0.376904 0.0186722 0.0532995
